34 -98 109 -74 0 -21 -108 47 
-32 103 62 145 32 117 0 66 
7 -32 -40 -96 -68 -141 38 -121 
110 -72 -4 -9 -106 53 -28 85 
57 114 28 97 5 79 12 13 
-45 -46 -71 -116 42 -141 110 -119 
-8 -55 -103 39 -24 100 52 142 
23 112 11 72 16 0 -50 -47 
-73 -91 47 -109 110 -102 -11 -77 
-100 -9 -20 51 47 125 20 138 
17 121 19 40 -56 -40 -75 -109 
51 -135 109 -109 -15 -67 -96 3 
-17 44 41 96 16 104 23 110 
22 70 -61 11 -76 -63 55 -128 
108 -140 -18 -116 -92 -29 -14 42 
35 117 13 126 30 111 25 57 
-67 0 -77 -48 59 -94 106 -106 
-21 -114 -87 -65 -12 -11 28 76 
11 127 36 146 26 105 -72 25 
-77 -51 63 -118 103 -121 -23 -109 
-82 -49 -10 -5 21 55 9 89 
43 115 28 111 -77 66 -77 4 
66 -85 100 -128 -25 -149 -76 -93 
-8 -23 14 63 8 112 50 123 
28 102 -83 48 -76 4 69 -58 
96 -87 -27 -123 -70 -106 -7 -69 
7 8 7 87 57 136 28 145 
-87 86 -74 17 72 -71 92 -107 
-28 -126 -64 -92 -7 -53 0 1 
7 55 63 93 28 126 -92 105 
-72 69 74 -21 88 -88 -28 -146 
-57 -135 -7 -84 -6 -5 7 72 
69 107 27 123 -96 86 -69 56 
75 -7 83 -50 -28 -103 -51 -123 
-8 -111 -13 -60 8 27 75 95 
25 150 -100 127 -66 82 77 -7 
78 -68 -28 -112 -44 -114 -9 -88 
-20 -53 10 7 81 51 23 111 
-103 121 -63 116 77 48 73 -28 
-27 -107 -37 -146 -11 -125 -27 -73 
12 14 86 67 21 115 -105 106 
-59 93 77 46 68 -2 -25 -59 
-31 -112 -13 -126 -34 -115 14 -39 
91 33 18 119 -107 140 -55 127 
77 60 62 -13 -23 -72 -24 -111 
-16 -104 -40 -94 17 -42 96 -1 
15 69 -109 110 -51 135 75 107 
56 37 -20 -44 -18 -123 -19 -138 
-46 -124 20 -48 99 12 12 79 
-110 102 -47 109 74 89 51 45 
-16 -2 -11 -75 -23 -113 -52 -142 
23 -98 103 -35 8 59 -110 120 
-43 141 71 114 46 44 -13 -15 
-5 -81 -27 -97 -57 -113 27 -83 
105 -51 5 11 -110 74 -39 122 
68 140 40 94 -8 29 0 -70 
-32 -119 -61 -144 31 -101 108 -45 
1 24 -109 76 -34 99 65 112 
35 83 -3 53 4 -20 -36 -75 
-65 -134 35 -134 109 -95 -2 -15 
-107 73 -30 123 60 141 31 93 
1 43 9 -31 -41 -69 -69 -106 
40 -106 110 -90 -6 -48 -105 22 
-26 82 56 140 26 130 7 94 
13 0 -47 -73 -72 -130 44 -131 
110 -92 -9 -36 -102 32 -23 68 
51 109 22 103 13 96 17 40 
-52 -20 -74 -94 48 -139 110 -132 
-13 -86 -99 8 -19 76 45 135 
18 122 19 93 21 26 -58 -26 
-76 -73 52 -105 109 -107 -16 -97 
-95 -35 -16 23 39 106 15 137 
25 136 23 72 -63 -10 -77 -85 
56 -131 107 -118 -19 -89 -90 -20 
-13 22 32 79 13 100 32 116 
25 91 -69 37 -77 -33 60 -112 
105 -138 -22 -135 -85 -60 -11 12 
26 95 10 123 39 120 27 80 
-74 22 -77 -24 64 -80 102 -100 
-24 -122 -80 -86 -9 -39 19 47 
9 112 46 146 28 127 -79 54 
-76 -20 67 -100 99 -118 -26 -120 
-74 -70 -8 -27 12 31 8 76 
52 108 28 121 -84 86 -75 34 
70 -57 95 -113 -27 -152 -68 -115 
-7 -53 5 33 7 97 59 119 
28 115 -89 67 -73 29 72 -36 
91 -72 -28 -118 -62 -117 -7 -91 
-2 -23 7 61 65 121 28 152 
-93 107 -71 48 74 -44 86 -91 
-28 -123 -55 -105 -7 -71 -9 -24 
8 34 72 76 26 123 -97 116 
-68 93 76 10 81 -63 -28 -132 
-48 -144 -8 -106 -16 -37 9 47 
77 91 25 123 -101 98 -65 75 
77 17 76 -29 -27 -86 -42 -121 
-10 -121 -23 -88 10 -3 83 69 
23 140 -104 137 -62 105 77 23 
71 -44 -26 -97 -35 -116 -12 -98 
-30 -74 12 -15 88 28 20 95 
-106 120 -58 129 77 77 66 1 
-24 -81 -28 -140 -14 -135 -36 -99 
15 -14 93 43 17 102 -108 107 
-54 103 76 67 60 20 -22 -34 
-22 -98 -17 -124 -42 -131 18 -68 
97 1 14 94 -109 135 -50 137 
75 87 54 12 -19 -48 -15 -100 
-21 -104 -48 -106 21 -62 101 -25 
11 44 -110 97 -46 133 73 126 
49 65 -15 -11 -9 -102 -24 -133 
-54 -137 25 -74 104 -14 7 56 
-110 93 -41 108 70 103 44 64 
-11 24 -3 -51 -29 -98 -59 -142 
29 -118 106 -65 3 26 -110 102 
-37 137 67 130 38 68 -6 11 
1 -60 -33 -87 -63 -113 33 -96 
108 -71 0 -16 -108 52 -33 107 
63 145 34 114 -1 60 6 -39 
-38 -101 -67 -142 37 -118 109 -68 
-3 -3 -106 57 -29 87 59 114 
29 95 3 75 11 7 -43 -51 
-70 -120 41 -141 110 -115 -7 -49 
-104 45 -25 104 54 142 25 109 
9 68 15 -5 -49 -51 -73 -94 
45 -109 110 -100 -11 -73 -101 -4 
-21 56 49 129 21 137 15 117 
19 34 -54 -46 -75 -113 50 -135 
109 -106 -14 -62 -97 8 -18 48 
43 98 17 105 21 108 22 65 
-60 5 -76 -68 54 -131 108 -139 
-17 -112 -93 -23 -15 48 37 120 
14 126 28 108 24 52 -65 -4 
-77 -52 58 -97 106 -107 -20 -112 
-88 -60 -12 -5 30 82 12 129 
35 145 26 100 -71 19 -77 -57 
62 -121 104 -121 -23 -106 -83 -44 
-10 0 23 59 10 92 41 116 
27 108 -76 61 -77 -2 65 -90 
101 -131 -25 -148 -78 -87 -9 -17 
16 69 8 114 48 123 28 98 
-81 44 -76 0 68 -62 97 -90 
-26 -124 -72 -103 -8 -65 9 15 
7 92 55 139 28 142 -86 81 
-75 11 71 -77 94 -109 -28 -125 
-66 -88 -7 -49 2 6 7 58 
61 96 28 126 -91 103 -73 63 
73 -27 89 -93 -28 -148 -59 -132 
-7 -79 -4 1 7 76 68 109 
27 122 -95 83 -70 52 75 -12 
85 -54 -28 -106 -53 -123 -8 -108 
-11 -54 8 33 74 100 26 151 
-99 124 -67 77 76 -13 80 -72 
-28 -114 -46 -113 -9 -86 -19 -48 
9 12 79 55 24 113 -102 121 
-64 113 77 42 74 -34 -27 -112 
-39 -147 -10 -123 -25 -67 11 20 
85 71 22 117 -105 105 -60 91 
77 41 69 -6 -26 -64 -32 -114 
-12 -126 -32 -111 13 -33 90 39 
19 123 -107 140 -57 123 77 54 
64 -19 -23 -76 -26 -112 -15 -104 
-39 -91 16 -38 94 3 16 74 
-109 112 -53 135 76 102 58 31 
-21 -50 -19 -126 -18 -138 -45 -120 
19 -42 98 17 13 83 -110 104 
-48 108 74 86 52 41 -17 -7 
-13 -79 -22 -115 -50 -141 22 -93 
102 -29 9 65 -110 124 -44 141 
72 110 47 38 -14 -21 -7 -85 
-26 -99 -55 -113 26 -80 105 -47 
6 17 -110 79 -40 125 69 139 
42 90 -9 22 -1 -75 -30 -122 
-60 -144 30 -97 107 -39 2 29 
-109 79 -35 101 66 111 37 80 
-5 49 3 -25 -35 -79 -64 -136 
34 -132 109 -90 -1 -8 -108 78 
-31 126 62 140 32 89 0 38 
8 -36 -40 -72 -68 -107 38 -105 
110 -87 -5 -43 -106 27 -27 86 
57 142 27 128 5 89 12 -6 
-45 -78 -71 -133 43 -130 110 -88 
-8 -31 -103 36 -24 71 52 110 
23 102 11 93 16 34 -51 -26 
-73 -99 47 -140 110 -130 -12 -80 
-100 14 -20 81 46 137 19 120 
17 89 20 21 -56 -30 -75 -77 
51 -107 109 -106 -15 -93 -96 -30 
-17 29 41 111 16 137 24 134 
23 66 -62 -16 -77 -90 55 -132 
108 -116 -18 -85 -91 -16 -14 26 
34 83 13 102 30 115 25 87 
-67 32 -77 -39 59 -116 106 -139 
-21 -132 -87 -54 -12 19 28 100 
11 124 37 118 27 75 -73 18 
-77 -29 63 -83 103 -102 -23 -121 
-81 -82 -10 -33 21 53 9 115 
44 146 28 123 -78 48 -77 -27 
66 -104 100 -119 -25 -118 -76 -66 
-8 -23 14 36 8 79 50 110 
28 120 -83 82 -76 28 69 -63 
96 -117 -27 -152 -70 -111 -7 -47 
7 39 7 100 57 120 28 112 
-88 63 -74 24 72 -40 92 -76 
-28 -119 -63 -115 -7 -87 0 -16 
7 67 64 125 28 151 -92 103 
-72 42 74 -49 88 -95 -28 -124 
-57 -102 -7 -67 -7 -19 7 38 
70 80 27 124 -96 114 -69 89 
76 4 83 -68 -28 -136 -50 -143 
-8 -102 -14 -31 8 52 76 95 
25 123 -100 96 -66 72 77 12 
78 -33 -28 -90 -43 -122 -9 -120 
-21 -83 10 2 81 74 23 143 
-103 135 -63 101 77 17 72 -49 
-27 -100 -37 -116 -11 -97 -28 -70 
12 -11 87 32 21 99 -106 121 
-59 127 77 71 67 -4 -25 -87 
-30 -142 -13 -133 -35 -94 14 -8 
92 48 18 105 -108 107 -55 102 
77 63 62 15 -22 -39 -23 -101 
-16 -125 -41 -128 17 -62 96 8 
15 100 -109 136 -51 135 75 81 
56 7 -20 -53 -17 -103 -20 -104 
-47 -104 20 -59 100 -20 12 50 
-110 100 -47 134 73 122 50 59 
-16 -18 -11 -106 -23 -134 -52 -135 
24 -69 103 -8 8 61 -110 95 
-42 108 71 100 45 61 -12 18 
-5 -56 -27 -102 -57 -143 27 -114 
106 -59 4 33 -110 106 -38 138 
68 127 40 63 -8 6 0 -65 
-32 -89 -62 -114 31 -94 108 -67 
1 -10 -109 57 -34 111 64 144 
35 110 -3 54 5 -45 -37 -105 
-66 -143 36 -115 109 -63 -2 2 
-107 61 -30 90 60 114 30 93 
2 71 10 1 -42 -56 -69 -123 
40 -140 110 -112 -6 -42 -105 51 
-26 109 55 143 26 106 7 63 
14 -10 -47 -55 -72 -96 44 -109 
110 -99 -10 -68 -102 1 -22 62 
50 132 22 136 13 113 18 27 
-53 -52 -74 -117 48 -135 110 -104 
-13 -57 -98 13 -19 52 44 101 
18 105 20 106 21 60 -58 0 
-76 -74 53 -133 109 -138 -16 -107 
-94 -16 -16 54 38 124 15 125 
26 105 23 47 -64 -8 -77 -57 
57 -99 107 -107 -19 -109 -90 -55 
-13 0 32 87 12 131 33 144 
26 94 -69 13 -77 -63 61 -123 
105 -121 -22 -103 -85 -39 -11 3 
25 63 10 94 39 116 27 105 
-75 56 -77 -8 64 -95 102 -133 
-24 -146 -79 -82 -9 -11 18 75 
9 116 46 123 28 95 -80 40 
