36 114 14 116 28 103 24 56 
-66 6 -77 -43 58 -96 106 -115 
-20 -122 -88 -64 -12 -1 30 90 
12 135 35 143 26 92 -71 12 
-77 -57 62 -113 104 -112 -23 -103 
-83 -50 -10 -11 23 52 10 93 
42 124 27 117 -76 63 -77 -7 
65 -98 101 -135 -25 -144 -77 -79 
-9 -11 16 67 8 105 48 114 
28 97 -81 51 -76 10 68 -56 
97 -93 -26 -133 -71 -111 -8 -65 
9 22 7 100 55 141 28 137 
-86 72 -74 7 71 -72 93 -99 
-28 -118 -65 -89 -7 -58 2 -4 
7 54 62 101 28 136 -91 109 
-72 62 73 -35 89 -100 -28 -148 
-59 -125 -7 -71 -5 3 7 70 
68 99 27 116 -95 86 -70 61 
75 -2 84 -52 -28 -113 -52 -132 
-8 -113 -12 -51 8 41 74 106 
26 149 -99 116 -67 69 76 -14 
79 -64 -28 -104 -46 -109 -9 -90 
-19 -59 9 3 80 55 24 121 
-102 130 -64 116 77 37 74 -43 
-27 -116 -39 -143 -10 -114 -26 -61 
11 18 85 62 22 107 -105 102 
-60 97 77 52 69 0 -25 -66 
-32 -123 -13 -134 -33 -112 13 -27 
90 47 19 125 -107 134 -56 114 
77 49 63 -15 -23 -66 -25 -104 
-15 -103 -39 -99 16 -48 95 -1 
16 78 -109 122 -52 142 76 101 
58 23 -21 -58 -19 -127 -18 -131 
-45 -111 19 -39 99 12 13 73 
-110 96 -48 110 74 95 52 51 
-17 -4 -13 -85 -22 -125 -51 -146 
23 -90 102 -21 9 71 -110 122 
-44 133 72 101 47 37 -13 -13 
-7 -74 -26 -93 -56 -116 26 -90 
105 -56 6 16 -110 86 -39 134 
69 142 41 85 -9 13 -1 -80 
-31 -118 -60 -135 30 -90 107 -40 
2 21 -109 69 -35 97 65 116 
36 91 -4 56 3 -26 -35 -87 
-65 -144 34 -133 109 -84 -1 0 
-108 81 -31 120 61 130 32 83 
0 41 8 -26 -40 -63 -68 -105 
39 -112 110 -97 -5 -49 -105 30 
-27 95 57 149 27 127 5 81 
13 -13 -46 -79 -71 -126 43 -120 
110 -83 -8 -36 -103 26 -23 63 
52 110 23 110 11 103 16 38 
-51 -31 -74 -108 47 -146 110 -127 
-12 -72 -99 21 -20 80 46 128 
19 111 18 86 20 28 -57 -20 
-75 -70 51 -109 109 -116 -15 -102 
-96 -32 -17 35 40 119 16 141 
24 129 23 57 -62 -22 -77 -87 
56 -123 107 -108 -18 -84 -91 -24 
-14 16 34 78 13 106 31 125 
25 95 -68 31 -77 -46 59 -124 
105 -141 -21 -126 -86 -45 -12 22 
27 95 11 114 37 111 27 77 
-73 27 -77 -19 63 -80 103 -108 
-23 -131 -81 -88 -10 -31 20 61 
9 122 44 146 28 116 -78 40 
-77 -28 66 -97 100 -109 -25 -113 
-75 -70 -8 -33 13 27 8 78 
51 117 28 130 -83 87 -75 24 
69 -72 96 -122 -27 -150 -69 -103 
-7 -40 6 39 7 92 57 110 
28 109 -88 69 -74 35 72 -33 
92 -77 -28 -128 -63 -124 -7 -89 
0 -11 7 75 64 129 28 147 
-92 95 -72 36 74 -47 87 -86 
-28 -115 -56 -101 -7 -75 -7 -30 
7 32 70 83 27 133 -96 122 
-69 89 76 -2 82 -76 -28 -138 
-50 -137 -8 -93 -14 -26 8 48 
76 85 25 115 -100 96 -66 80 
77 22 77 -29 -28 -94 -43 -132 
-9 -126 -21 -81 10 10 82 81 
23 143 -103 128 -63 92 77 15 
72 -43 -26 -90 -36 -109 -11 -99 
-28 -80 12 -20 87 30 21 105 
-106 130 -59 132 77 68 67 -13 
-25 -92 -30 -140 -13 -125 -35 -86 
14 -8 92 40 18 94 -108 102 
-55 106 76 74 61 24 -22 -39 
-23 -109 -16 -134 -41 -131 17 -57 
96 16 15 104 -109 133 -51 126 
75 75 56 8 -19 -43 -17 -93 
-20 -101 -47 -110 20 -69 100 -27 
11 51 -110 109 -47 142 73 124 
50 53 -16 -26 -10 -109 -24 -129 
-53 -126 24 -64 103 -12 8 50 
-110 86 -42 107 71 108 45 71 
-12 24 -5 -60 -28 -111 -58 -150 
28 -113 106 -51 4 40 -110 107 
-38 131 68 118 40 59 -7 11 
0 -54 -32 -82 -62 -115 32 -103 
108 -77 0 -13 -109 62 -34 120 
64 150 35 107 -3 46 5 -51 
-37 -103 -66 -135 36 -106 109 -62 
-2 -5 -107 51 -30 84 60 117 
30 103 2 80 10 3 -42 -63 
-69 -132 40 -143 110 -107 -6 -33 
-105 56 -26 105 55 133 25 98 
8 64 14 -2 -48 -44 -72 -92 
44 -114 110 -109 -10 -76 -102 1 
-22 70 50 140 21 138 14 106 
18 19 -53 -55 -74 -112 49 -125 
110 -97 -13 -60 -98 3 -19 43 
44 98 18 112 20 117 21 66 
-59 -2 -76 -82 53 -140 108 -137 
-16 -99 -94 -9 -16 55 38 117 
15 116 26 100 24 51 -64 1 
-77 -48 57 -99 107 -115 -19 -119 
-89 -59 -13 4 32 96 12 137 
33 141 26 86 -70 6 -77 -62 
61 -115 104 -111 -22 -100 -84 -46 
-11 -6 25 56 10 96 40 125 
27 114 -75 58 -77 -14 64 -103 
102 -136 -24 -141 -79 -73 -9 -6 
18 72 9 107 47 114 28 94 
-80 47 -76 5 68 -60 98 -96 
-26 -134 -73 -108 -8 -59 11 29 
8 104 53 142 28 134 -85 67 
-75 1 70 -77 94 -101 -27 -117 
-67 -86 -7 -54 4 1 7 59 
60 104 28 135 -90 106 -73 56 
73 -41 90 -104 -28 -149 -61 -122 
-7 -66 -3 9 7 74 66 101 
27 115 -94 84 -71 57 75 -7 
86 -56 -28 -116 -54 -132 -7 -109 
-10 -44 8 47 72 110 26 149 
-98 113 -68 64 76 -19 81 -68 
-28 -106 -47 -108 -8 -88 -17 -54 
9 8 78 60 24 124 -101 130 
-65 112 77 30 76 -49 -27 -121 
-41 -143 -10 -111 -24 -55 11 23 
84 66 22 109 -104 102 -61 95 
77 47 70 -5 -26 -71 -34 -125 
-12 -133 -31 -107 13 -20 89 53 
20 129 -107 134 -57 111 77 43 
65 -20 -24 -71 -27 -105 -14 -103 
-37 -97 15 -44 93 4 17 83 
-108 124 -53 141 76 96 59 17 
-21 -64 -21 -130 -18 -130 -43 -107 
18 -34 98 16 14 77 -110 98 
-49 110 75 92 54 47 -18 -10 
-14 -89 -21 -127 -49 -144 22 -85 
101 -15 10 77 -110 124 -45 132 
72 97 48 32 -15 -19 -8 -78 
-25 -95 -54 -116 25 -87 104 -51 
7 22 -110 90 -41 136 70 140 
43 80 -10 7 -3 -85 -29 -121 
-59 -134 29 -85 107 -36 3 26 
-109 72 -36 99 66 116 38 88 
-6 51 2 -32 -34 -92 -63 -146 
33 -131 108 -79 0 6 -108 86 
-32 123 63 129 33 79 -1 36 
7 -31 -39 -66 -67 -108 37 -111 
110 -94 -4 -43 -106 36 -28 100 
58 150 28 125 4 76 11 -20 
-44 -84 -70 -128 42 -118 110 -80 
-7 -31 -104 30 -24 67 53 112 
24 110 10 100 15 32 -50 -36 
-73 -113 46 -146 110 -124 -11 -65 
-100 27 -21 85 48 130 20 109 
16 83 19 23 -55 -24 -75 -74 
50 -110 109 -115 -14 -98 -97 -26 
-18 41 42 124 17 141 22 126 
22 51 -61 -27 -76 -92 54 -124 
108 -107 -18 -81 -92 -19 -15 20 
36 82 14 107 29 124 24 91 
-66 26 -77 -53 58 -127 106 -141 
-20 -122 -88 -39 -12 28 29 99 
11 115 36 110 26 73 -71 23 
-77 -24 62 -84 103 -110 -23 -130 
-82 -84 -10 -25 22 68 9 125 
42 146 28 111 -77 34 -77 -34 
66 -101 100 -110 -25 -111 -77 -66 
-9 -29 15 32 8 81 49 119 
28 128 -82 82 -76 18 69 -78 
97 -126 -27 -149 -71 -98 -8 -34 
8 45 7 95 56 111 28 107 
-87 66 -74 30 71 -37 93 -80 
-28 -130 -65 -122 -7 -85 1 -4 
7 81 62 132 28 145 -91 90 
-72 30 74 -52 89 -88 -28 -116 
-58 -99 -7 -72 -5 -25 7 37 
69 87 27 134 -95 120 -70 84 
75 -9 84 -81 -28 -140 -52 -135 
-8 -89 -12 -20 8 53 75 88 
26 116 -99 94 -67 77 76 17 
79 -34 -28 -99 -45 -133 -9 -124 
-20 -75 9 17 80 87 24 145 
-102 126 -63 88 77 9 74 -48 
-27 -93 -38 -110 -11 -98 -26 -76 
11 -15 86 35 21 109 -105 131 
-60 129 77 62 68 -19 -25 -98 
-31 -141 -13 -123 -33 -81 14 -2 
91 45 19 97 -107 103 -56 105 
77 70 63 19 -23 -45 -25 -112 
-16 -134 -39 -128 16 -51 95 23 
16 109 -109 133 -52 124 76 70 
57 3 -20 -48 -18 -95 -19 -102 
-45 -109 19 -65 99 -22 12 57 
-110 112 -48 143 74 119 52 47 
-17 -32 -12 -113 -22 -129 -51 -123 
23 -59 102 -7 9 55 -110 89 
-43 108 72 106 46 67 -13 18 
-6 -65 -27 -114 -56 -150 27 -109 
105 -45 5 46 -110 110 -39 132 
69 115 41 55 -9 6 -1 -58 
-31 -84 -61 -116 31 -101 107 -73 
1 -7 -109 67 -35 123 65 149 
36 103 -4 39 4 -58 -36 -107 
-65 -135 35 -103 109 -57 -1 0 
-107 55 -31 87 61 118 31 101 
0 76 9 -2 -41 -68 -68 -135 
39 -142 110 -103 -5 -27 -105 61 
-27 108 56 133 27 95 6 59 
13 -7 -46 -48 -71 -95 43 -114 
110 -107 -9 -70 -102 7 -23 75 
51 142 23 136 12 102 17 12 
-51 -60 -74 -115 48 -125 110 -95 
-12 -55 -99 7 -20 47 46 101 
19 112 18 115 20 61 -57 -8 
-76 -88 52 -142 109 -136 -16 -94 
-95 -2 -16 61 40 119 16 115 
25 98 23 47 -63 -2 -77 -53 
56 -101 107 -116 -19 -116 -91 -54 
-14 11 33 101 13 138 31 139 
25 80 -68 0 -77 -68 60 -117 
105 -111 -21 -98 -86 -42 -11 -2 
27 61 11 98 38 126 27 111 
-73 53 -77 -21 63 -108 102 -138 
-24 -139 -80 -68 -10 0 20 77 
9 109 45 114 28 91 -79 44 
-77 0 67 -65 99 -99 -26 -134 
-75 -104 -8 -54 13 36 8 108 
51 144 28 130 -84 61 -75 -4 
70 -81 96 -103 -27 -117 -69 -83 
-7 -50 6 6 7 63 58 108 
28 135 -88 102 -74 49 72 -48 
91 -109 -28 -150 -62 -118 -7 -61 
-1 15 7 78 65 103 28 114 
-93 81 -71 53 74 -12 87 -61 
-28 -119 -56 -131 -7 -106 -8 -38 
8 53 71 114 27 149 -97 109 
-69 58 76 -25 82 -72 -28 -108 
-49 -107 -8 -86 -15 -50 9 13 
77 65 25 127 -100 129 -66 108 
77 23 77 -55 -28 -125 -43 -142 
