400 277 -763 -486 -146 -77 -783 150 
-876 1351 -906 1361 -876 1378 -874 1475 
80 -37 100 -47 84 -31 76 -49 
-36 141 -25 192 -27 139 -36 160 
24 -31 53 -80 -10 -17 13 -32 
23 166 29 186 17 137 7 122 
-80 -45 -50 -19 -20 -31 -10 -29 
847 1376 768 1299 776 1244 805 1305 
106 81 -298 481 -208 259 -70 394 
-893 1419 -860 1428 -904 1454 -945 1493 
84 -65 60 -43 132 -41 89 -69 
-22 149 -1 154 -2 58 -30 156 
42 -3 -2 -35 44 -45 -16 -2 
26 168 -3 147 7 135 20 136 
116 -57 -168 13 -140 -21 -63 41 
739 1274 782 1293 757 1279 741 1233 
284 188 171 21 177 59 -32 240 
-919 1502 -929 1520 -962 1514 -922 1523 
47 -75 176 -16 128 -38 64 -26 
-38 111 0 117 -23 169 -38 175 
-20 -10 33 -23 -11 17 -36 0 
50 163 54 159 35 137 51 98 
-83 -15 -52 10 -94 -10 -92 -66 
733 1270 697 1250 692 1182 731 1222 
157 255 -9 343 83 274 160 357 
-999 1598 -1037 1585 -1013 1646 -1013 1584 
101 -63 162 -140 22 13 92 -43 
2 129 -45 167 -54 148 -3 134 
39 -19 1 -13 -17 -44 36 -19 
76 115 54 150 60 89 44 141 
-93 -45 -62 -34 -92 13 -76 -39 
683 1212 670 1164 697 1195 710 1107 
331 253 301 203 157 112 163 250 
-1040 1661 -1030 1633 -1036 1638 -1083 1739 
86 -14 42 4 92 -71 57 -42 
-32 133 -45 103 -37 165 -52 85 
-25 39 15 -69 21 -22 59 -34 
-3 158 61 164 3 169 -42 190 
-72 -58 -78 -30 -62 9 5 -26 
665 1138 636 1150 652 1126 667 1108 
296 219 162 270 183 282 204 327 
-1083 1719 -1157 1777 -1135 1794 -1177 1718 
90 -37 68 -34 79 -14 30 3 
-66 135 -29 157 -43 207 5 148 
14 -3 60 -32 49 -20 28 -17 
52 56 22 80 8 105 8 123 
-88 -15 -90 -12 -71 -80 -50 -25 
591 1156 650 1104 600 1100 590 1081 
220 281 302 203 277 228 193 207 
-1194 1794 -1196 1892 -1183 1870 -1179 1893 
39 -34 55 14 34 -39 103 -61 
-71 162 32 153 -29 163 -22 128 
22 -67 50 -27 63 24 -7 -61 
1 73 61 149 72 131 48 148 
-33 -24 -95 -26 -126 -1 -101 -41 
630 1077 645 1032 578 1038 595 1065 
269 342 223 360 243 397 261 381 
-1195 1864 -1278 1994 -1384 2010 -1293 2003 
30 -7 86 -57 98 -48 -17 -15 
-102 127 5 180 -29 206 -30 180 
-41 -46 -19 -48 27 -53 53 -31 
14 131 21 141 -17 147 14 110 
-54 -69 -74 -47 -112 -56 -65 -47 
533 1088 714 923 580 1051 563 1009 
364 315 293 199 329 280 271 198 
-1355 1992 -1342 2113 -1373 2116 -1442 2175 
84 -37 12 18 85 -30 54 -27 
-39 198 -51 185 -65 160 -81 161 
-42 -35 21 -43 63 10 3 0 
20 143 25 144 -10 131 65 128 
-66 -83 -98 -34 -101 -76 -36 -51 
552 1009 570 1040 582 1023 588 958 
330 296 253 303 262 317 291 368 
-1358 2183 -1458 2241 -1434 2242 -1473 2336 
77 -61 53 -27 27 20 95 -88 
-3 180 -46 192 -52 226 -66 194 
62 -14 -31 -1 -14 -17 27 -8 
7 80 87 88 1 137 -6 111 
-113 87 -19 5 -67 -40 -109 -12 
508 943 503 981 507 945 519 921 
377 279 313 250 303 275 331 315 
-1527 2363 -1555 2375 -1603 2443 -1598 2457 
68 -16 64 -55 99 -95 82 -28 
-58 205 -39 147 -73 201 -48 221 
-9 -13 -9 -26 35 -37 37 -37 
50 94 44 134 -16 78 -1 74 
-92 -6 -136 -29 -101 -7 -110 -6 
549 972 516 938 506 908 521 978 
317 363 272 458 268 388 267 357 
-1679 2556 -1727 2554 -1751 2601 -1784 2701 
69 -53 111 -23 38 -72 120 -46 
-45 204 -26 162 -8 264 -102 247 
21 -45 -30 14 -16 24 57 -11 
26 107 42 103 60 100 19 56 
-75 -17 -141 -53 -110 -36 -104 -44 
524 923 457 879 461 857 493 882 
359 391 372 320 360 361 316 313 
-1851 2754 -1888 2836 -1988 2898 -1950 2930 
39 -9 105 -31 106 -47 7 -42 
-41 171 -48 223 -47 241 -63 188 
-9 -29 -20 6 12 -71 70 -23 
22 121 -43 139 25 97 37 101 
-93 -5 -125 -3 -42 -7 -117 -16 
548 892 469 860 484 886 506 883 
357 359 353 371 283 351 323 374 
-1997 3020 -2079 3078 -2136 3128 -2143 3206 
75 29 -2 -82 69 -77 92 -33 
-33 174 -44 180 -29 196 -58 220 
-63 -97 -23 -75 9 49 9 -2 
2 93 -8 109 19 111 82 105 
-57 -171 -88 -42 -57 13 -116 -95 
490 839 449 835 512 819 489 807 
395 366 344 369 328 350 324 380 
-2272 3336 -2318 3445 -2422 3575 -2501 3663 
86 23 63 -46 46 10 79 -37 
-26 179 -72 234 -72 205 -16 254 
-47 -6 36 -9 18 -32 22 -24 
15 107 31 128 17 80 94 96 
-102 -51 -151 -42 -128 -76 -121 -59 
477 836 529 807 507 886 461 805 
292 437 389 401 358 337 439 390 
-2542 3785 -2637 3828 -2769 4012 -2810 4142 
95 -36 88 -36 94 -53 88 -19 
-96 221 -60 298 -75 258 -114 218 
28 -33 9 -69 -20 11 15 0 
-9 124 -6 115 36 109 17 133 
1 -60 -58 -8 -4 -51 -86 -31 
429 776 457 797 442 799 417 861 
382 405 406 417 423 414 380 410 
-2948 4298 -3047 4474 -3131 4650 -3271 4826 
44 -13 68 -33 85 12 74 -62 
-57 231 -55 216 -29 229 -58 249 
-2 -71 2 -23 5 -24 -68 -78 
-37 87 56 61 8 53 58 125 
-52 -49 -84 -41 -105 -66 -86 -98 
444 806 428 839 358 818 425 786 
412 398 353 422 378 420 363 458 
-3422 5093 -3589 5281 -3723 5543 -3973 5837 
105 -27 64 -15 73 -21 21 -34 
-63 259 -80 232 -95 256 -124 220 
-24 -24 19 -46 -16 -52 -9 -58 
27 106 -12 86 42 122 24 104 
-45 -19 -152 3 -11 -35 -63 -22 
400 772 451 779 422 797 399 749 
415 433 413 381 373 417 371 388 
-4167 6126 -4429 6484 -4718 6810 -4969 7237 
70 -54 84 -28 69 5 87 -66 
-53 312 -58 252 -71 242 -56 266 
7 27 -31 -45 -3 -115 15 -60 
0 49 12 93 79 95 34 110 
-44 -50 -58 -36 -79 -19 -81 -74 
426 771 401 777 388 763 421 725 
420 449 409 462 395 450 438 450 
-5281 7707 -5703 8255 -6144 8924 -6638 9674 
98 -17 52 -59 65 -46 24 -94 
-44 248 -139 271 -149 254 -92 371 
-28 -39 -17 -66 -1 2 14 -30 
26 68 -10 136 13 123 37 77 
-74 -49 -76 -97 -115 -66 -56 -50 
385 759 386 744 334 757 367 736 
404 462 405 422 405 455 385 441 
-7264 10549 -8127 11658 -8981 12979 -10161 14626 
66 6 90 5 42 -48 22 -50 
-92 354 -89 361 -135 282 -138 267 
56 -42 45 -4 -29 -45 11 -87 
17 56 -22 81 120 286 46 89 
-110 -22 -80 -71 -42 -118 -154 -32 
401 779 368 778 290 703 387 704 
411 459 387 483 409 505 454 515 
-11647 16801 -13719 19701 -16617 23908 -21168 30331 
142 -40 61 -27 105 5 93 -16 
-85 314 -72 301 10 327 -104 283 
-23 -45 25 -7 7 -13 -30 1 
52 34 22 118 2 141 27 84 
-94 -34 -89 -25 -93 -9 -133 -20 
338 685 343 734 335 694 307 708 
443 465 458 481 431 433 11369 30551 
-28977 -24021 19457 448 18535 29785 -30993 -21628 
78 -48 66 -39 66 -2 15259 1315 
-115 332 -122 390 -82 328 -3689 -3431 
-25 -49 10 -35 11 -9 -15775 12611 
16 114 44 99 48 116 30560 20883 
-168 -88 -50 21 -56 38 -27217 25003 
378 669 407 673 357 621 14276 30790 
458 525 451 495 458 574 445 574 
-5699 -19730 -31629 17287 23592 31908 18142 -25741 
66 -33 79 -41 75 -33 56 -39 
-165 355 -155 379 -148 334 -124 365 
46 -15 109 29 22 -52 -35 -40 
46 119 60 68 73 99 5 92 
-50 -41 -123 -39 -91 39 -110 -15 
328 714 326 708 345 729 219 1170 
473 535 480 535 515 592 497 540 
14748 -20901 12396 -17557 10697 -15105 9423 -13272 
66 -2 71 -22 81 -56 60 -7 
-146 363 -90 393 -148 337 -147 378 
31 -33 -10 -77 11 -20 -45 32 
37 112 45 70 96 52 232 11 
-110 -24 -105 -24 1 -24 -72 -45 
379 628 347 648 305 622 322 617 
519 532 484 559 510 564 464 605 
8441 -11874 7544 -10684 6927 -9719 6296 -8970 
80 -43 59 -26 49 -31 101 -2 
-139 420 -173 399 -110 420 -151 439 
-7 -44 -34 -5 -36 40 -18 -31 
-158 153 -55 93 -30 126 -13 85 
-104 -13 -93 -72 -103 -13 -63 -60 
326 579 314 654 319 619 366 580 
503 559 559 581 509 594 484 539 
5875 -8275 5472 -7715 5138 -7131 4815 -6737 
45 -49 110 -80 44 -49 61 -30 
-71 542 -169 434 -132 448 -173 447 
-47 -15 -1 -13 11 -54 16 -23 
-42 136 -13 104 -25 96 26 158 
-61 -19 -84 -16 -88 -11 -93 -54 
316 607 348 607 325 633 366 618 
540 689 519 640 508 609 624 695 
4585 -6379 4215 -5958 4040 -5676 3881 -5431 
68 -13 53 -60 72 -47 70 -11 
-185 517 -194 538 -172 532 -169 503 
-16 -11 -17 -36 -30 -37 6 -3 
8 58 -30 73 -5 85 -44 102 
-40 -33 -71 -24 -50 15 -64 -41 
278 602 307 617 339 565 270 624 
579 675 559 675 531 652 579 647 
3700 -5107 3488 -4895 3331 -4671 3204 -4434 
43 -55 12 -56 154 -43 70 -40 
-210 554 -206 565 -208 598 -228 556 
17 -67 21 -41 19 10 35 -39 
59 114 11 92 -28 50 75 139 
-75 -13 -60 -2 -68 -3 -60 -80 
277 625 301 620 275 645 291 697 
546 671 597 755 559 684 591 727 
3124 -4257 2944 -4120 2877 -3926 2763 -3833 
142 -109 49 -27 59 -40 67 -9 
-229 623 -233 605 -247 630 -232 638 
26 -17 -45 -31 7 -8 47 -33 
35 94 33 29 52 81 104 96 
-106 -21 -89 -5 -101 -20 -109 -37 
308 566 294 600 288 565 295 545 
583 733 618 770 629 747 611 736 
2680 -3710 2597 -3565 2508 -3433 2452 -3361 
32 6 94 -2 61 -41 86 -39 
-210 673 -242 671 -265 707 -296 686 
3 -41 -12 -16 -13 25 11 -62 
-23 73 -14 100 -1 48 15 116 
-90 -70 -128 -56 -93 -19 -76 -39 
311 566 301 560 244 588 283 585 
622 767 700 787 670 783 637 803 
2362 -3237 2303 -3129 2190 -3115 2160 -2934 
81 -18 57 16 31 -38 80 6 
-297 783 -318 787 -344 811 -305 813 
18 -55 -48 1 18 -35 9 -51 
-19 88 0 96 3 96 -11 153 
-93 -10 -117 -36 -111 -42 -70 -42 
292 536 229 628 245 546 250 538 
767 852 731 869 720 842 675 812 
2067 -2902 2046 -2806 2034 -2736 1932 -2544 
65 -78 57 -3 44 -22 44 -51 
-317 860 -343 917 -334 942 -349 986 
-13 -8 -59 -61 40 -62 -1 -38 
24 87 9 105 -19 47 11 87 
-79 -58 -93 -73 -52 2 -54 -23 
260 557 266 554 237 569 252 561 
682 828 731 857 706 904 761 884 
1893 -2571 1874 -2543 1818 -2448 1795 -2415 
70 -20 30 -20 96 4 80 29 
-394 1017 -415 1056 -430 1086 -501 1228 
4 -58 27 -69 46 -36 -19 -18 
30 94 -11 120 27 73 4 130 
-100 -58 -136 -28 -52 -40 -102 -3 
229 550 234 553 251 495 236 539 
720 890 786 970 807 845 773 1004 
1748 -2334 1660 -2307 1705 -2269 1596 -2176 
68 26 97 -67 116 -22 88 -23 
-545 1290 -501 1355 -561 1464 -609 1576 
24 -2 2 -32 -33 -13 57 -54 
11 65 9 98 12 108 55 71 
-56 -22 -73 -91 -82 -94 -118 -11 
276 509 258 488 218 451 188 523 
788 1010 819 1049 871 1048 858 1081 
1605 -2138 1561 -2092 1528 -2077 1481 -1964 
72 -22 29 -33 67 -32 45 -20 
-662 1670 -674 1838 -781 1983 -901 2168 
-26 8 41 7 -11 -46 6 -21 
10 93 2 43 21 -12 -34 87 
-78 -108 -37 5 -123 -30 -117 0 
241 493 281 525 186 492 244 523 
893 1070 863 1077 927 1190 946 1122 
1497 -1916 1447 -1953 1449 -1908 1396 -1856 
68 -31 48 -22 27 -20 70 -18 
-1002 2523 -1107 2776 -1324 3227 -1505 3793 
23 2 -15 -35 141 -144 20 -12 
-28 65 40 70 -8 103 59 55 
-96 -21 -80 -48 -63 -42 -64 -12 
259 482 250 541 225 512 220 486 
1000 1213 921 1245 1020 1258 962 1258 
1296 -1810 1430 -1828 1326 -1734 1273 -1725 
83 10 47 -85 77 -13 92 -62 
-1846 4597 -2364 5901 -3324 8180 -5327 13136 
2 -39 -17 -81 68 -16 -18 -62 
-17 93 33 107 41 67 8 138 
-77 -52 -71 -55 -109 -9 -92 -66 
181 474 235 490 227 441 220 525 
1054 1309 1091 1333 1160 1355 1162 1456 
1271 -1680 1301 -1684 1231 -1637 1181 -1604 
62 -29 119 -67 74 -29 68 -46 
-14013 -31247 23347 8716 6415 -15531 3732 -8992 
0 -37 -13 -11 -28 -73 6 8 
46 39 -18 83 26 60 -16 81 
-88 -35 -105 -55 -62 -45 -136 -34 
202 510 188 491 198 426 217 489 
1222 1507 1252 1531 1284 1580 1312 1600 
1230 -1564 1154 -1592 1111 -1578 1159 -1506 
122 -85 35 -16 23 -11 81 -31 
2642 -6385 2014 -4869 1644 -3967 1401 -3402 
-10 -49 2 -77 48 -34 0 -18 
9 77 75 101 16 103 -8 51 
-74 -45 -61 -50 -139 -91 -121 -83 
153 494 175 490 163 444 190 443 
1429 1690 1455 1741 1481 1779 1565 1892 
1150 -1470 1108 -1479 1077 -1430 1066 -1420 
108 -23 60 26 119 -59 94 -45 
1205 -2877 1099 -2528 946 -2319 864 -2098 
-15 -16 -11 -15 17 -69 -21 -16 
-33 71 -17 52 0 55 -15 71 
-122 -35 -108 -24 -81 -59 -118 -47 
220 442 220 457 231 428 187 429 
1615 1983 1683 2054 1704 2161 1854 2318 
1094 -1430 1054 -1384 1048 -1340 1057 -1390 
74 36 42 51 45 4 99 -29 
858 -1895 775 -1690 697 -1586 561 -1471 
17 -37 -5 -56 4 -17 -8 -102 
-39 67 1 55 25 129 14 107 
-106 -42 -92 -33 -45 -28 -57 -67 
181 428 124 425 184 435 206 416 
1988 2389 2077 2525 2182 2710 2307 2839 
1024 -1321 1014 -1335 996 -1319 979 -1281 
97 -20 59 -81 55 5 36 -46 
572 -1387 589 -1320 514 -1227 505 -1178 
12 -25 55 -13 -56 -18 17 -37 
41 58 -1 80 -17 124 16 58 
-129 -68 -123 -79 -125 -1 -128 -48 
217 396 176 397 177 364 218 371 
2477 3070 2673 3263 2843 3584 3085 3896 
991 -1243 972 -1212 918 -1244 950 -1188 
59 -58 17 -3 38 3 69 -26 
454 -1087 456 -1006 476 -998 401 -941 
5 -26 27 33 27 -38 -7 -32 
30 38 7 55 43 73 -49 63 
-101 -46 -81 -17 -60 -69 -83 -26 
155 438 151 405 121 367 104 428 
3449 4304 3832 4739 4272 5309 4957 6136 
958 -1178 913 -1179 920 -1175 908 -1146 
89 2 68 -45 35 -28 88 29 
367 -890 454 -818 354 -840 441 -830 
1 -40 -60 -61 -26 -43 3 -4 
-9 57 2 48 11 94 -19 47 
-119 -58 -88 -53 -85 -94 -96 -61 
174 385 205 375 205 423 156 379 
5777 7144 6922 8543 8826 10828 11933 14729 
874 -1101 856 -1151 878 -1111 946 -1108 
12 41 8 21 91 -49 49 7 
290 -760 309 -720 369 -698 342 -683 
5 -30 -24 -23 14 -102 -37 -65 
41 116 -43 26 53 68 -5 45 
-118 -11 -90 -65 -107 -81 -101 -127 
165 415 148 391 162 375 175 360 
18591 22915 -23279 -13644 -20543 10578 -27058 32391 
816 -1080 815 -1033 831 -1076 830 -1064 
90 -18 71 -32 -9 -28 66 -13 
328 -657 300 -630 311 -630 245 -640 
5 -13 -19 -20 23 -40 24 -75 
1 79 -26 8 8 97 47 75 
-106 -56 -65 -112 -123 -22 -108 -79 
177 388 185 325 108 359 120 339 
-14801 -18165 -10189 -12461 -7759 -9464 -6244 -7659 
847 -1035 807 -1033 786 -1024 736 -1068 
86 -14 97 -5 108 -37 65 16 
241 -587 230 -598 254 -582 282 -602 
11 -63 15 -45 -33 -8 36 -37 
-26 98 16 36 -73 81 -43 57 
-12 2 -67 -37 -120 -35 -77 -88 
132 362 129 341 139 347 147 355 
-5228 -6354 -4427 -5507 -3919 -4750 -3519 -4222 
777 -960 772 -980 762 -960 791 -955 
43 -21 62 -8 76 -21 60 -37 
248 -543 196 -496 189 -518 254 -554 
-14 -90 39 -15 37 -8 -97 -62 
-44 91 35 -15 -1 53 18 -24 
-93 -31 -94 -38 -46 -65 -44 -35 
85 338 95 369 116 347 95 327 
-3162 -3862 -2910 -3482 -2601 -3205 -2459 -2945 
799 -937 699 -922 714 -925 760 -869 
54 16 64 -44 46 -12 163 1 
204 -494 230 -442 215 -475 139 -443 
-22 -38 38 30 -5 -51 -17 -31 
32 92 8 29 -1 80 -3 106 
-146 -64 -100 -68 -64 -48 -51 -49 
127 269 105 345 94 290 130 252 
-2246 -2737 -2109 -2578 -1988 -2366 -1834 -2252 
705 -889 692 -856 778 -880 734 -859 
64 -31 60 15 71 -27 74 -16 
261 -456 199 -472 234 -418 233 -432 
-6 -17 3 -48 12 0 -40 10 
-16 112 -23 45 -13 71 47 60 
-68 -55 -106 -45 -87 -71 -164 -98 
32 335 226 257 167 265 108 297 
-1756 -2128 -1667 -1998 -1563 -1885 -1502 -1749 
699 -852 705 -872 703 -848 707 -851 
53 25 54 -23 28 18 108 -21 
195 -404 193 -445 145 -427 196 -355 
34 -4 -23 -28 25 -55 -22 3 
-38 99 -12 85 -8 53 6 54 
-91 -81 -108 -143 -126 -58 -136 -33 
94 247 64 222 130 240 129 262 
-1406 -1679 -1322 -1627 -1292 -1535 -1301 -1473 
726 -831 703 -824 837 -720 597 -839 
46 -23 32 -27 66 17 57 -15 
232 -389 138 -354 220 -337 185 -397 
0 -9 10 -43 -6 -61 -1 -29 
11 42 -6 67 -28 103 0 80 
8 -101 -32 -79 -32 -129 -75 -43 
101 148 107 293 81 228 120 234 
-1151 -1396 -1154 -1371 -1115 -1275 -1050 -1238 
634 -839 644 -826 678 -768 663 -758 
8 -27 77 22 40 12 36 -6 
171 -357 170 -386 154 -393 237 -341 
-21 -40 -24 9 -9 -15 46 -66 
-77 48 57 87 -11 141 6 91 
-96 -49 -87 -24 -112 -74 -68 -90 
90 242 67 255 85 250 112 230 
-962 -1137 -1089 -1181 -919 -1130 -969 -1080 
649 -786 637 -775 625 -750 584 -713 
79 -2 65 51 88 9 50 -51 
156 -340 201 -261 236 -281 185 -300 
42 -31 11 -41 33 -68 39 -70 
14 49 -24 104 12 43 -25 44 
-103 -30 -111 -57 -114 -43 -68 -23 
59 211 4 206 53 266 74 183 
-894 -1089 -921 -995 -870 -978 -857 -938 
600 -729 615 -805 589 -738 606 -752 
94 21 66 4 55 -23 42 5 
168 -282 144 -321 163 -288 132 -281 
-62 -69 -11 -51 -28 -18 -21 -4 
9 44 -8 34 34 39 -55 75 
-70 -67 -106 -62 -109 -61 -96 17 
41 201 67 162 12 161 55 108 
-785 -908 -731 -933 -728 -845 -719 -831 
608 -725 584 -695 636 -748 597 -692 
101 -42 84 -18 96 9 104 12 
210 -326 178 -307 139 -310 130 -287 
49 -26 21 21 -48 27 25 -41 
-1 70 -33 124 -9 29 -24 87 
-45 -76 -98 -122 -144 -43 -66 -72 
-11 183 57 152 48 151 47 134 
-700 -789 -667 -754 -715 -775 -720 -774 
577 -681 593 -700 622 -673 584 -700 
61 -32 77 -62 47 -15 68 36 
154 -281 120 -251 138 -286 140 -292 
-38 -41 -5 -52 -39 -27 -52 -22 
-16 70 -26 33 -43 104 -5 111 
-95 -70 -101 -72 -133 -51 -96 -48 
39 102 -33 112 33 73 39 95 
-653 -755 -570 -750 -669 -692 -591 -708 
528 -658 577 -681 583 -681 522 -659 
63 -3 25 -31 73 -70 61 -2 
157 -268 151 -290 189 -247 63 -292 
-3 -17 18 4 1 -30 15 -10 
1 35 -40 24 8 46 15 102 
-99 -73 -105 -15 -85 -116 -145 -28 
-4 65 30 73 -38 76 -38 59 
-572 -681 -578 -608 -618 -631 -575 -642 
544 -637 571 -606 506 -645 576 -640 
78 1 83 -21 63 -4 13 18 
75 -232 89 -261 132 -289 113 -267 
2 -55 -12 72 44 -7 9 2 
-11 24 12 43 -11 40 -37 33 
-60 -69 -117 -115 -117 -30 -107 -38 
-2 -9 -26 54 -81 12 -42 -52 
-530 -604 -569 -587 -516 -598 -565 -575 
507 -620 488 -594 540 -625 538 -666 
29 17 60 -30 90 8 114 -36 
116 -261 136 -205 104 -182 144 -254 
-56 -60 5 21 -16 66 -19 -23 
-18 55 35 103 -63 82 53 39 
-111 -57 -28 -12 -58 -44 -58 -98 
-67 -72 -33 6 -91 -85 -33 -69 
-477 -560 -488 -519 -463 -557 -466 -511 
577 -612 570 -657 510 -571 569 -615 
46 41 71 -12 107 -17 66 -21 
154 -225 133 -221 94 -227 93 -202 
19 -18 -82 -51 -17 -27 -28 -49 
-24 49 17 24 9 90 -2 80 
-68 -39 -113 -106 -127 -67 -100 -43 
-85 -94 -38 -100 -99 -66 -102 -193 
-480 -511 -444 -468 -489 -477 -455 -486 
531 -577 505 -614 525 -566 543 -583 
100 15 50 16 57 -25 105 -6 
130 -224 166 -232 100 -193 106 -201 
-14 -25 -72 -20 67 -25 43 -40 
-26 56 -38 61 -46 141 -2 62 
-94 -51 -50 -76 -107 -77 -125 -84 
-101 -205 -111 -189 -165 -244 -121 -216 
-412 -466 -440 -428 -422 -425 -425 -414 
501 -600 462 -564 491 -537 508 -570 
42 -14 41 -9 55 26 91 -44 
34 -152 64 -220 122 -209 148 -236 
30 -20 -8 -18 -6 -31 11 -6 
-16 85 61 93 6 62 35 -25 
-92 -92 -65 -77 -111 -82 -41 -60 
-169 -279 -173 -323 -177 -366 -217 -351 
-400 -404 -387 -424 -397 -437 -368 -415 
543 -540 486 -569 491 -525 524 -563 
77 -11 30 -27 33 -3 -7 -10 
123 -189 64 -220 75 -186 113 -180 
20 -38 21 -10 13 -7 22 5 
50 75 9 24 -50 18 5 108 
-125 -63 -120 -63 -81 -29 -91 -32 
-234 -408 -265 -433 -310 -529 -256 -499 
-386 -394 -401 -456 -388 -366 -394 -387 
504 -541 515 -551 444 -533 507 -543 
32 32 31 -12 99 1 67 -34 
40 -164 90 -231 97 -193 54 -228 
28 -36 11 -28 14 2 50 -1 
-41 116 -20 32 81 0 -44 30 
-102 -50 -105 -64 -121 -53 -75 -82 
-317 -637 -315 -660 -348 -700 -479 -733 
-313 -399 -353 -372 -338 -399 -318 -351 
462 -539 506 -534 535 -541 442 -510 
31 -17 54 -1 74 -11 54 3 
55 -198 170 -231 69 -231 89 -215 
39 -23 -21 -18 20 -37 4 -53 
-13 64 55 35 -16 98 -17 69 
-81 -61 -100 -101 -128 -37 -128 -63 
-438 -925 -473 -1004 -458 -1076 -536 -1210 
-338 -390 -295 -366 -379 -245 -370 -278 
437 -514 505 -508 442 -527 503 -525 
59 27 57 -14 46 10 67 39 
117 -205 79 -157 51 -194 28 -163 
-20 -26 -15 -50 -39 -111 -6 -48 
-34 39 28 43 5 68 4 54 
-93 -67 -135 -90 -84 -62 -167 -89 
-634 -1354 -698 -1444 -764 -1661 -861 -1872 
-337 -299 -312 -285 -341 -277 -311 -330 
454 -495 433 -472 448 -552 516 -453 
1 -63 74 -51 67 -63 49 10 
-767 -175 151 -168 150 -195 72 -210 
-35 -25 -38 -11 -3 -67 -1 -20 
-5 20 -22 77 1 65 23 74 
-109 -81 -68 -53 -127 -17 -113 -128 
-980 -2180 -1116 -2535 -1341 -2952 -1589 -3585 
-300 -339 -304 -250 -350 -275 -276 -284 
528 -457 291 -378 397 -473 431 -456 
60 -5 82 -40 31 4 -41 57 
107 -142 81 -125 103 -229 96 -155 
28 -11 -32 -66 22 -53 24 -22 
33 112 26 71 -6 80 -38 51 
-76 -101 -142 -52 -123 -96 -103 -83 
-1926 -4443 -2492 -5682 -3372 -7904 -5383 -12270 
-313 -301 -303 -307 -263 -296 -271 -271 
414 -480 368 -480 442 -474 406 -466 
88 -22 73 -45 118 95 27 5 
113 -168 99 -124 76 -65 84 -162 
-13 -55 -13 -69 -41 -20 45 -27 
-15 89 23 27 -9 79 -7 21 
-174 -114 -105 -111 -114 -91 -69 -43 
-11726 -27127 14704 -9725 9317 21842 4999 11893 
-303 -291 -315 -260 -281 -196 -276 -265 
399 -433 379 -449 389 -441 472 -453 
55 -1 45 -8 69 10 58 -9 
123 -167 88 -160 121 -128 121 -185 
19 -41 43 -34 -17 -4 -22 -19 
-54 34 -114 160 30 74 11 2 
-63 -83 -57 -78 -175 -102 -76 -111 
3542 8228 2665 6339 2206 5217 1846 4454 
-266 -243 -293 -287 -211 -278 -275 -262 
432 -434 388 -426 395 -456 405 -435 
57 -40 112 -18 79 2 55 50 
177 -144 135 -91 -78 -258 48 -198 
-44 -27 17 -43 -5 40 9 -50 
17 71 39 43 50 59 -24 54 
-103 -70 -92 -64 -127 -60 -53 -46 
1616 3885 1492 3476 1271 3173 1201 2917 
-266 -289 -251 -218 -229 -202 -279 -228 
393 -462 411 -462 414 -381 435 -418 
92 49 78 -7 31 22 72 -7 
37 -227 62 -170 59 -141 124 -125 
-28 -47 7 -18 5 0 -23 -26 
-48 25 -32 29 -33 12 -10 31 
-114 -73 -70 -105 -103 -76 -62 -87 
1108 2694 1025 2509 950 2364 917 2226 
-293 -221 -204 -238 -234 -190 -201 -201 
406 -462 411 -392 405 -436 364 -426 
73 -13 92 0 75 -7 68 -40 
126 -140 36 -102 77 -145 71 -129 
9 -59 18 -12 -10 -36 -3 -37 
-13 87 -10 33 8 75 -7 45 
-161 -123 -134 -114 -103 -39 -124 -78 
875 2041 845 1999 844 1936 670 1840 
-237 -185 -236 -223 -268 -186 -207 -186 
403 -474 418 -437 430 -395 359 -413 
88 -18 63 -14 97 -23 66 -11 
69 -175 131 -104 88 -121 73 -156 
-27 -77 44 -29 -16 -28 -7 0 
-26 61 41 56 -5 22 10 86 
-144 -96 -83 -90 -93 -75 -128 -63 
672 1786 652 1711 621 1684 624 1573 
-269 -182 -242 -197 -312 -148 -198 -203 
400 -402 430 -404 435 -435 393 -406 
125 -40 15 16 51 17 46 -1 
89 -115 70 -161 64 -144 139 -133 
-17 -34 64 39 -12 -54 -54 -67 
-7 17 -47 47 -36 16 -6 63 
-79 -100 -105 -90 -127 -107 -78 -73 
604 1566 581 1484 583 1413 532 1434 
-198 -198 -216 -200 -221 -192 -232 -129 
356 -395 354 -403 408 -384 314 -374 
59 1 28 6 57 -24 106 29 
91 -112 79 -150 30 -114 77 -149 
28 -14 44 -24 -23 -18 -44 -89 
-5 84 -19 58 29 79 11 21 
-85 -57 -120 -126 -129 -74 -138 -103 
520 1385 520 1381 519 1349 448 1328 
-213 -150 -204 -138 -195 -261 -193 -197 
441 -337 405 -406 402 -422 395 -389 
47 -22 94 24 98 -24 5 13 
58 -148 99 -142 73 -162 54 -109 
7 -10 -20 -6 5 -47 -41 -53 
-14 58 -20 27 -21 41 28 -8 
-85 -102 -90 -104 -104 -92 -107 -63 
485 1317 462 1207 516 1253 449 1228 
-161 -145 -208 -159 -216 -142 -174 -101 
377 -383 334 -364 381 -353 362 -323 
91 21 9 -38 57 17 69 10 
80 -179 122 -104 88 -172 75 -141 
19 -53 8 -53 22 -14 -22 -87 
-36 72 1 71 -30 -26 -29 88 
-89 -107 -81 -134 -91 -129 -129 -82 
413 1204 429 1187 387 1145 446 1122 
-215 -133 -172 -184 -231 -135 -219 -178 
329 -428 363 -371 422 -343 407 -320 
26 -20 83 -35 60 -54 38 19 
63 -158 87 -131 110 -144 62 -91 
-39 -83 22 -32 -25 -67 17 -4 
-52 31 6 30 -29 58 4 7 
-132 -88 -61 -81 -68 -56 -56 -93 
434 1125 382 1090 375 1083 361 1058 
-183 -148 -189 -109 -227 -117 -252 -99 
328 -284 411 -374 347 -392 359 -370 
51 8 57 11 36 -24 65 -54 
87 -71 75 -132 37 -138 31 -94 
13 -40 -25 -57 -25 -37 -4 -41 
-49 81 -52 21 26 43 2 75 
-153 -84 -123 -65 -112 -70 -9 -18 
368 1080 364 1039 404 1037 374 1039 
-194 -120 -166 -115 -198 -172 -209 -139 
365 -357 399 -374 390 -287 317 -358 
22 -6 12 7 125 33 90 18 
109 -139 75 -132 26 -138 33 -149 
26 -44 -14 -11 -26 -30 -41 -17 
-26 20 -6 21 19 22 -40 77 
-202 -90 -100 -133 -133 -103 -104 -42 
386 1046 350 959 379 1017 400 928 
-193 -94 -185 -92 -195 -96 -169 -138 
382 -347 361 -359 375 -291 343 -334 
103 -96 82 -11 150 -45 -21 18 
73 -108 69 -117 77 -100 84 -146 
-5 -22 45 -28 17 -42 -39 0 
17 92 -96 52 -210 36 -30 53 
-141 -120 -70 -121 -160 -69 -83 -88 
354 997 328 922 280 965 369 929 
-177 -116 -163 -77 -165 -99 -168 -86 
363 -292 392 -305 368 -292 384 -313 
15 -36 54 36 51 -13 72 6 
60 -114 41 -111 124 -144 118 -144 
37 -66 -9 -41 -19 -81 -10 -32 
46 51 -17 30 37 17 -7 38 
-147 -102 -154 -138 -131 -147 -134 -40 
345 921 342 892 333 885 319 945 
-191 -107 -159 -143 -190 -142 -206 -134 
324 -278 333 -290 360 -283 420 -317 
15 -17 41 -11 -3 3 84 -26 
95 -186 40 -113 87 -112 4 -104 
21 -99 -9 3 24 -26 48 -44 
7 25 -72 43 -23 58 7 68 
-105 -105 -121 -69 -111 -119 -154 -92 
344 909 305 930 318 891 307 855 
-149 -74 -172 -104 -174 -150 -179 -115 
363 -290 333 -280 377 -318 277 -372 
73 14 -8 -2 54 -22 97 -11 
59 -105 80 -95 35 -86 28 -137 
-35 -12 -120 20 -32 -44 3 -49 
-24 55 28 49 -50 33 -86 47 
-89 -100 -112 -98 -76 -64 -77 -101 
336 894 289 844 256 873 319 872 
-194 -89 -187 -19 -153 -98 -191 -65 
366 -321 294 -342 359 -257 342 -283 
48 25 76 -28 29 -22 78 38 
65 -61 68 -67 12 -110 40 -120 
18 -45 3 -75 41 -28 -39 -71 
-15 66 -55 35 -18 56 1 40 
-108 -123 -128 -126 -117 -100 -120 -94 
282 898 271 860 301 813 311 897 
-133 -37 -187 -99 -132 57 -147 -123 
364 -278 360 -325 348 -344 371 -264 
32 10 42 30 91 -46 51 -17 
9 -113 89 -140 15 -87 120 -133 
-1 -43 -17 13 -8 -13 -23 -15 
-47 17 3 50 -19 61 -54 69 
-146 -78 -166 -124 -135 -74 -149 -121 
328 848 306 841 254 836 285 874 
-130 -80 -239 -57 -206 -85 -220 -23 
307 -286 330 -254 330 -289 335 -274 
38 0 66 4 51 22 -5 20 
113 -116 52 -128 29 -145 80 -108 
14 -48 47 -37 -12 -61 -30 -23 
-4 25 -17 45 -17 162 -34 15 
-114 -112 -114 -62 -125 -88 -165 -98 
278 783 241 815 268 810 245 793 
-167 -46 -223 -88 -188 -50 -176 -93 
320 -272 324 -252 323 -307 332 -263 
49 18 35 -26 36 50 8 -17 
51 -94 82 -89 58 -79 129 -60 
-47 -50 -13 -46 -38 -56 106 73 
-5 45 -57 5 -30 24 -15 90 
-135 -118 -111 -84 -54 -92 -114 -111 
308 795 241 794 267 764 264 811 
-188 -95 -187 -97 -267 -42 -176 -82 
337 -259 297 -226 294 -298 331 -301 
38 -29 60 -6 61 20 -49 101 
111 -91 99 -148 68 -100 83 -113 
34 -21 33 -67 -7 -22 0 -28 
4 58 -60 41 -11 31 -4 74 
-112 -95 -82 -106 -115 -164 -107 -119 
182 794 222 767 215 765 256 762 
-191 -95 -219 -139 -315 -78 -620 -109 
289 -263 294 -274 307 -263 318 -256 
65 -23 -2 -78 138 37 57 30 
118 -81 47 -100 41 -119 33 -122 
-11 -11 -31 -33 -23 -12 4 -11 
18 18 -27 79 8 42 -37 37 
-55 -107 -148 -70 -124 -83 -213 -118 
237 776 212 765 206 770 136 795 
490 71 25 -11 -37 12 -45 13 
337 -272 375 -235 320 -240 320 -288 
18 -15 63 19 67 22 23 51 
56 -33 96 -77 59 -119 65 -63 
-30 -41 37 1 9 -22 -21 -39 
-30 41 -50 20 -25 41 -9 51 
-134 -115 -205 -97 -51 -108 -129 -57 
203 682 265 738 208 724 218 706 
-53 -33 -107 -35 -98 -61 -108 11 
314 -279 334 -207 271 -206 327 -244 
48 -18 46 16 3 -28 29 2 
66 -110 84 -57 17 -90 46 -119 
17 -29 -1 -7 -40 -61 30 -9 
29 64 -7 68 -44 45 26 49 
-112 -248 -102 -118 -101 -90 -167 -132 
225 771 215 722 254 681 239 688 
-100 -33 -139 -51 -94 -39 -106 8 
364 -245 347 -248 329 -200 308 -245 
37 0 52 8 17 44 117 -13 
37 -165 20 -102 20 -91 87 -70 
36 -55 -69 -63 -14 -37 -6 -90 
27 8 -48 5 -6 55 -41 2 
-109 -152 -144 -70 -113 -60 -137 -121 
202 696 227 711 211 734 208 751 
-64 -35 -142 -4 -105 -9 -59 -44 
333 -256 312 -289 336 -194 271 -221 
88 -19 11 -61 49 1 61 28 
53 -65 61 -108 31 -86 97 -69 
4 -67 -22 -54 -19 -23 -29 -22 
0 7 -51 -16 -21 61 -42 44 
-132 -111 -115 -109 -141 -105 -113 -134 
188 752 240 751 164 721 204 704 
-53 11 147 83 -102 -82 -66 -11 
318 -215 284 -204 294 -237 303 -153 
60 -42 59 -19 123 35 5 16 
17 -39 57 -56 34 -132 12 0 
-5 -47 -21 -57 26 -60 -32 -11 
-25 70 -15 37 -49 36 -38 46 
-110 -90 -133 -99 -163 -97 -123 -42 
228 718 244 721 171 703 161 697 
-123 -82 -134 -43 -109 -90 -122 2 
294 -182 345 -199 202 -154 341 -193 
94 21 -22 -17 50 19 44 -56 
69 -192 67 -147 119 -89 63 -147 
-9 -10 18 -63 5 -38 -10 -26 
-47 25 -8 70 -11 57 -24 34 
-98 -169 -26 -153 -234 -123 -156 -128 
194 683 246 694 208 744 190 696 
-115 -59 -149 -22 -102 1 -123 -14 
344 -204 306 -271 338 -183 320 -224 
20 -52 41 -10 1 -96 99 16 
50 -80 127 -59 7 -79 21 -112 
-69 -39 -55 4 -16 5 -13 -24 
25 55 7 62 -17 64 -25 37 
-92 -146 -105 -80 -135 -90 -207 -170 
187 683 186 702 210 712 182 649 
-67 -10 -123 -8 -148 -32 -137 -47 
331 -173 338 -208 286 -187 315 -214 
101 60 57 -8 103 13 -4 74 
52 8 105 -95 109 -104 4 -110 
-9 -24 -37 -46 -6 -16 21 -47 
-28 42 19 75 -7 16 -102 109 
-157 -130 -141 -126 -177 -129 -148 -136 
199 689 116 654 198 653 201 649 
-128 -30 -114 -20 -151 8 -161 -1 
284 -144 307 -210 357 -181 308 -124 
61 1 82 32 49 -12 36 12 
81 -94 6 -74 108 -109 89 -67 
-24 0 -16 -82 7 6 -21 -35 
17 27 10 59 18 -46 -5 5 
-145 -143 -124 -110 -73 -126 -194 -156 
204 645 199 651 195 698 178 652 
-111 27 -149 5 -92 -29 -79 -27 
291 -198 277 -192 345 -176 388 -170 
-5 35 7 13 61 14 19 -5 
-8 -128 56 -80 37 -41 49 -134 
-17 -27 -25 -67 38 -45 7 -81 
-20 9 6 43 -38 43 -7 3 
-151 -127 -97 -75 -131 -140 -115 -187 
187 631 203 663 210 636 176 647 
-133 -54 -154 -30 -73 -22 -118 -27 
391 -118 320 -159 335 -187 391 -136 
9 24 94 -20 96 -15 29 -34 
93 -115 -3 -81 50 -49 16 -85 
3 -22 10 22 -31 -90 16 -43 
-34 41 -17 38 -12 66 -32 43 
-83 -100 -118 -172 -108 -85 -115 -144 
184 654 186 648 141 628 179 648 
-117 10 -76 32 -124 -28 -135 39 
350 -128 337 -69 399 -148 338 -178 
25 -4 29 -3 54 -4 84 -10 
43 -61 51 -66 22 -132 49 -97 
-45 2 -20 -58 -4 -44 -39 -11 
-45 -21 -60 4 -16 27 -15 7 
-115 -176 -105 -135 -126 -116 -150 -122 
190 640 186 637 201 603 178 594 
-47 -26 -122 -12 -85 16 -88 16 
356 -147 332 -149 345 -95 380 -115 
36 11 49 39 119 -20 28 -2 
8 -35 66 -84 98 -98 1 -98 
-3 -52 -2 -14 -1 -64 -66 -50 
-55 8 5 28 36 -2 -35 72 
-134 -153 -141 -117 -161 -160 -158 -168 
173 648 187 667 135 629 160 663 
-75 -48 -147 -24 -111 -17 -85 30 
343 -108 289 -155 355 -109 367 -126 
-4 33 90 17 42 -20 95 36 
80 -52 71 -142 79 -42 62 -94 
-35 10 -31 -22 5 -19 -31 -28 
-26 21 -52 56 -32 42 -96 23 
-122 -135 -120 -163 -172 -132 -111 -78 
181 741 114 655 168 615 133 659 
-82 2 -66 -69 -184 -42 -140 30 
350 -116 344 -162 326 -123 380 -62 
44 32 34 1 70 56 56 6 
26 -91 50 -97 54 -57 29 -69 
-14 -134 -48 -11 -78 -64 -20 -54 
-63 71 -1 59 -27 46 -15 71 
-100 -108 -128 -161 -120 -114 -88 -194 
157 638 149 590 117 608 108 646 
-90 56 -74 -12 -73 21 -132 6 
384 -109 397 -112 393 -130 361 -67 
65 -53 6 6 41 -19 92 64 
39 -81 91 -54 63 -66 34 -94 
-14 -22 4 -78 -41 -15 10 -68 
-33 26 -56 33 20 15 -6 46 
-133 -125 -124 -144 -135 -203 -138 -198 
188 650 162 631 170 667 121 645 
-86 18 -90 23 -136 20 -139 -9 
375 -34 382 -65 421 -40 424 -41 
51 3 61 8 37 -25 -41 73 
31 -91 14 -69 44 -95 40 -62 
-22 -56 -4 -29 6 -32 13 -17 
-48 -13 13 -8 40 -1 -1 -16 
-107 -181 -147 -146 -147 -191 -153 -107 
140 600 145 628 141 594 199 625 
-79 40 -67 40 -132 1 -105 -38 
378 -61 425 14 406 5 437 -29 
68 35 5 -2 -1 8 16 7 
90 -58 36 -100 63 -89 47 -61 
9 -54 -99 -60 -42 -51 -57 -4 
-57 -6 -70 11 9 14 -12 74 
-122 -145 -171 -174 -169 -162 -146 -177 
143 639 147 605 104 600 170 634 
-114 20 -106 36 -120 -5 -105 14 
507 14 440 -13 454 28 491 -12 
60 -10 58 44 29 22 56 -17 
130 -30 13 -60 34 -116 65 -62 
-4 -26 -20 -70 32 -55 3 -64 
-28 9 -29 -16 1 -29 0 23 
-102 -140 -152 -162 -145 -158 -98 -137 
181 601 146 591 185 599 146 661 
-63 -2 -144 21 -65 8 -40 9 
514 70 549 119 561 146 627 142 
37 2 11 20 53 -30 -143 -22 
50 -92 85 -64 9 -55 54 -95 
-53 -32 -18 -43 -5 -8 -22 -35 
65 39 -46 32 -28 -19 -30 -49 
-121 -164 -85 -150 -115 -138 -87 -220 
129 633 166 591 100 606 151 620 
-119 6 -101 70 -173 41 -100 36 
605 233 663 255 701 323 800 472 
62 -23 53 18 93 37 32 46 
59 -75 11 -65 -14 -75 -14 -77 
-23 4 -57 -14 -23 -49 52 -44 
-62 -62 -106 -256 78 332 -9 135 
-128 -143 -163 -170 -77 -89 -84 -210 
116 594 146 616 141 638 121 616 
-67 39 -126 43 -93 28 -88 -12 
893 481 1039 680 1221 806 1422 1150 
76 4 96 -9 88 7 64 32 
52 -58 56 -118 116 24 33 -50 
-73 -109 -30 -49 35 -30 -14 -30 
-14 72 -32 97 -6 57 -17 55 
-104 -170 -120 -177 -86 -145 -218 -182 
139 579 155 595 163 619 72 651 
-54 -10 -40 16 -112 -48 -56 31 
2037 1770 3459 3325 16094 16953 -5340 -6229 
9 5 85 -11 61 9 57 -24 
40 -93 33 -90 54 -39 72 -36 
-66 -80 -26 -40 -20 -22 18 3 
-40 77 -36 52 -9 30 5 34 
-125 -207 -135 -193 -169 -195 -111 -198 
101 592 122 635 123 598 129 593 
-81 17 -121 43 -69 25 -80 5 
-2133 -2784 -1265 -1846 -882 -1393 -652 -1147 
53 -29 76 -22 22 28 34 29 
21 -68 38 -72 27 -86 73 -91 
-57 9 -13 -47 -37 -125 -34 -21 
-6 33 -24 87 11 28 7 84 
-119 -137 -154 -138 -140 -196 -148 -161 
112 605 101 609 66 581 270 684 
-68 1 -113 32 -83 10 -73 13 
-480 -974 -371 -877 -292 -728 -232 -688 
30 33 37 0 33 2 75 -47 
34 -65 39 -73 22 -63 33 -64 
-42 -37 -15 -26 -47 -6 -9 -19 
61 61 -74 22 -45 -3 9 -187 
-144 -177 -157 -202 -99 -186 -89 -147 
175 628 140 666 133 628 132 601 
-111 23 -54 66 -94 39 -183 38 
-254 -607 -145 -670 -111 -594 -93 -520 
65 45 43 17 33 46 51 20 
34 -67 18 -88 40 -47 -15 -85 
-1 -27 -60 54 -6 -31 -21 -12 
-37 40 -2 61 -16 43 -16 65 
-137 -181 -157 -169 -117 -274 -147 -206 
119 628 147 615 101 616 150 594 
-127 36 -76 6 -144 2 -136 40 
-89 -514 -84 -495 -51 -476 -34 -435 
55 18 36 32 64 0 56 58 
140 -72 115 -75 64 -33 80 -72 
-7 -52 -28 -78 -48 -30 18 -82 
-36 35 13 36 -2 27 -43 10 
-113 -186 -124 -156 -132 -176 -106 -140 
87 613 138 592 151 612 131 579 
-57 44 -85 51 -106 27 -125 -6 
-69 -526 -7 -454 55 -409 34 -376 
98 -9 37 49 15 32 12 -21 
65 -83 57 -72 83 -58 54 -44 
-17 -38 -41 -33 -34 -39 -33 -64 
-22 43 -7 -29 -42 30 -13 49 
-116 -201 -115 -159 -115 -184 -138 -201 
84 608 120 589 110 599 143 605 
-84 46 -54 15 -40 8 -88 25 
9 -376 17 -399 49 -370 45 -370 
47 39 33 34 36 -22 13 32 
72 -65 50 -76 53 -23 24 -39 
-40 -16 2 -43 -26 -58 -14 -23 
-40 75 2 30 38 -31 -22 53 
-95 -169 -133 -174 -106 -252 -187 -186 
57 632 113 571 106 562 131 570 
-108 5 -164 61 -17 60 -75 55 
36 -381 55 -350 44 -368 71 -345 
81 58 67 24 23 34 43 29 
47 -112 -2 -58 37 -49 67 -27 
-14 -43 38 -55 -61 -72 -23 -37 
43 68 -74 55 -35 -9 -48 76 
-159 -160 -145 -170 -117 -230 -149 -207 
120 619 143 603 100 576 152 582 
-89 -11 -133 69 -65 82 -91 28 
66 -332 98 -313 100 -314 80 -381 
60 34 33 9 35 22 72 85 
48 -67 36 -18 53 9 62 -33 
-27 -79 25 -17 -53 -26 -65 -32 
-25 11 -47 44 -55 33 -3 14 
-128 -240 -145 -193 -121 -246 -164 -229 
157 634 99 561 136 566 123 554 
-109 37 -90 63 -110 54 -178 68 
96 -297 121 -321 64 -304 99 -294 
60 -12 49 6 50 4 42 16 
31 -52 29 -39 27 -52 74 -50 
-35 -35 -26 -35 -42 -46 -18 -80 
-27 104 -16 34 -63 9 22 63 
-152 -226 -97 -202 -142 -212 -138 -196 
166 591 68 516 126 601 127 567 
-35 28 -72 77 -85 55 -60 50 
29 -376 1 -327 97 -277 149 -284 
33 40 59 38 19 7 30 -32 
47 -58 -2 -93 34 -71 60 -46 
15 -34 -42 -119 -57 -53 -60 -50 
-24 43 -6 42 -44 22 -18 35 
-121 -214 -157 -204 -65 -205 -94 -208 
126 601 153 576 107 624 79 557 
-100 39 -83 55 -102 48 -125 168 
110 -334 77 -330 91 -272 119 -304 
62 -21 10 38 26 -20 40 11 
49 -37 27 -10 57 -54 62 -92 
-10 -31 1 -19 -20 -34 -45 -58 
-17 33 -10 11 14 -3 2 53 
-116 -219 -132 -198 -88 -266 -158 -241 
140 576 116 651 148 607 119 557 
-81 114 -32 -79 24 59 -83 41 
115 -306 102 -286 103 -215 93 -224 
96 17 27 -8 63 10 31 41 
48 -66 39 -80 12 -62 -37 -26 
-1 -32 4 -33 -34 -37 -29 -49 
20 21 -69 19 -40 -18 -34 -9 
-142 -231 -135 -196 -129 -232 -99 -269 
111 569 94 589 127 581 116 549 
-46 79 -68 -10 -71 31 -86 22 
102 -248 114 -258 87 -214 103 -347 
33 12 84 32 22 20 10 38 
48 -63 46 -72 59 -67 17 -84 
-44 -61 44 -10 -11 -35 -26 -54 
-63 19 -39 33 26 101 -30 16 
-131 -214 -128 -168 -136 -264 -118 -262 
83 538 113 571 94 562 48 477 
-59 40 -89 30 -97 47 -61 66 
90 -251 75 -226 139 -308 160 -244 
60 -19 25 18 79 81 94 23 
62 -56 73 -55 62 -49 41 -67 
7 32 -51 -76 -35 17 -65 -8 
-41 -12 -44 71 -6 45 -19 45 
-148 -253 -89 -324 -71 -241 -108 -221 
115 669 122 528 95 574 116 588 
-69 45 -26 2 -73 36 -81 65 
143 -272 105 -243 159 -245 86 -240 
36 56 59 17 48 15 16 -4 
68 -36 -32 -27 32 -41 -14 33 
-35 -35 -74 -108 -27 -60 -31 -83 
-74 23 -24 94 -38 14 -31 33 
-88 -302 -127 -255 -140 -275 -68 -266 
121 599 77 630 93 562 137 588 
-91 84 -74 90 -85 69 -64 -7 
92 -249 127 -226 108 -217 113 -203 
73 44 39 -3 57 39 23 36 
-1 -44 56 -79 69 -107 6 -55 
-15 -68 -26 -92 -15 -53 -26 -59 
-69 46 -28 55 -37 80 -4 -12 
-159 -228 -115 -335 -101 -303 -49 -286 
120 573 43 612 74 594 95 544 
-129 30 -111 23 -118 -55 -56 14 
85 -268 129 -263 117 -202 90 -200 
-7 -2 -2 -16 13 48 27 49 
59 -78 20 -23 6 -45 15 -49 
-39 -48 -39 -31 12 -31 -48 -96 
-28 3 -132 -2 -62 37 -67 13 
-93 -272 -100 -200 -55 -274 -87 -311 
78 569 41 598 101 624 140 586 
-112 26 -89 45 -89 62 -77 101 
111 -244 108 -291 98 -273 100 -224 
32 16 81 -9 29 -10 -19 41 
24 -78 31 -26 101 -48 7 -13 
-42 -68 -19 -53 -39 -28 13 -49 
-48 27 -47 4 -3 46 -33 3 
-78 -314 -53 -299 -57 -280 -33 -329 
95 665 122 611 110 609 80 612 
-57 64 -60 54 5 21 -53 29 
138 -238 194 -278 164 -196 82 -208 
21 -14 42 18 76 10 35 59 
37 -10 34 -57 76 -13 -35 -44 
-13 -56 -32 -22 -51 -25 19 -43 
-1 9 -53 7 -69 9 -11 -1 
-31 -358 -30 -350 -30 -310 7 -353 
80 553 111 562 91 574 114 575 
-81 -20 -92 59 -100 69 -28 12 
151 -202 141 -193 84 -241 181 -220 
79 48 55 30 62 35 -17 9 
71 -55 18 -95 31 -34 66 -8 
-17 -36 2 -65 -32 -71 -50 -52 
-42 25 -14 -8 -23 16 -60 19 
-9 -360 -57 -344 6 -385 27 -377 
54 606 105 606 -14 585 87 559 
-6 49 -60 47 -57 56 -16 93 
113 -233 119 -199 150 -207 162 -180 
18 25 -17 -8 82 33 70 23 
25 -28 10 -80 24 -87 16 -83 
18 -99 10 -41 -13 -78 -40 -43 
-34 78 -36 46 -19 -38 -17 51 
38 -335 63 -406 104 -427 46 -485 
82 589 45 567 87 554 81 646 
-75 54 -70 28 -98 6 -76 76 
135 -196 167 -216 110 -173 122 -216 
42 23 80 46 26 8 17 49 
36 -79 35 -34 0 -71 17 -85 
25 -28 -110 -68 -70 -42 -30 -28 
-38 41 -40 -21 -45 34 -43 25 
104 -481 100 -534 130 -572 173 -573 
49 568 60 597 121 576 42 654 
-78 108 -84 67 -13 58 -46 -46 
80 -191 183 -181 143 -207 162 -274 
54 14 51 250 79 18 44 42 
-12 -40 50 -50 37 -11 -2 -24 
-10 -40 -8 1 -91 -108 -58 -78 
-47 56 -16 12 -40 56 -55 25 
158 -650 225 -670 325 -832 388 -838 
93 573 77 577 54 616 109 575 
-53 31 76 -40 -147 102 -137 55 
117 -189 118 -198 147 -196 177 -193 
0 60 28 54 47 80 53 39 
32 -135 30 -29 33 -21 -6 -94 
-65 -67 -30 -110 3 -60 -57 -117 
-66 42 -29 31 26 -9 8 126 
498 -940 618 -1108 889 -1354 1325 -1849 
71 596 67 598 56 576 51 639 
-62 68 -118 65 -83 72 -115 72 
165 -216 144 -179 162 -198 149 -208 
91 25 7 18 36 7 44 25 
5 -16 24 -69 7 -10 -17 -22 
-32 -68 -80 -91 -49 -20 -35 -110 
-38 1 -47 0 -9 27 -88 -19 
2195 -2697 5507 -6044 -16524 16565 -3526 3253 
122 613 73 602 42 571 58 559 
-78 46 -77 -42 -93 35 -40 6 
96 -215 97 -174 120 -218 149 -231 
45 55 20 69 37 89 89 63 
96 -115 11 -51 58 -97 44 -41 
-54 -76 -19 -74 -9 -89 -84 -104 
43 56 -68 59 -29 13 -14 40 
-2061 1743 -1520 1151 -1251 797 -1025 531 
95 560 18 572 77 588 119 606 
-104 20 -82 47 -106 34 -63 51 
146 -176 126 -243 152 -224 151 -181 
41 39 57 120 46 280 18 -312 
5 -102 41 -66 43 -47 146 -30 
8 -46 -74 -75 -8 -64 -63 -47 
-45 15 -43 2 -35 45 16 46 
-913 475 -809 408 -744 346 -660 260 
12 613 94 645 18 564 45 619 
-74 100 -111 59 -64 37 -100 -14 
123 -149 139 -187 163 -179 66 -177 
15 -83 83 15 27 -40 38 14 
107 -21 68 -45 38 -52 42 -26 
-22 -70 -29 -91 -8 -89 -66 -84 
-32 22 148 -6 -34 44 -45 38 
-643 189 -619 125 -555 128 -576 132 
116 554 39 608 79 597 31 627 
-50 64 -41 83 -119 25 -71 16 
114 -160 107 -166 157 -169 163 -205 
1 33 40 6 90 -92 31 14 
103 -111 24 -70 65 -50 -6 -59 
-50 -78 -45 -75 -73 -103 31 -86 
-37 59 -28 7 -12 16 -6 -44 
-545 97 -498 170 -506 82 -527 80 
14 558 -9 547 92 553 47 602 
-90 17 -127 33 -104 56 -35 23 
97 -212 190 -172 174 -165 155 -167 
41 26 28 10 -10 2 46 -24 
26 -21 27 -99 12 -47 52 -49 
-88 -23 -1 -55 -72 -80 -31 -79 
-40 25 17 -23 -1 42 -30 46 
-511 36 -436 8 -482 54 -444 28 
83 566 60 576 1 640 77 580 
-28 48 -105 25 -60 2 -87 30 
155 -143 172 -137 127 -176 131 -161 
71 -29 37 -9 95 63 54 1 
47 -60 -5 -53 33 -41 27 -37 
-90 -36 -23 -57 -48 -12 -11 -60 
-50 6 -23 66 -80 1 -12 -12 
-453 -7 -465 -39 -443 -49 -412 -103 
42 603 74 578 62 602 20 612 
-66 10 -31 33 -26 34 -63 53 
150 -151 163 -177 112 -161 125 -205 
28 36 115 27 138 16 -36 22 
37 -82 40 -17 69 -36 47 -23 
-18 -82 -3 -75 -36 -72 -15 -65 
-45 36 -60 -8 -43 -2 -64 20 
-384 -48 -357 -73 -416 -62 -418 -74 
40 591 43 560 40 601 22 606 
-22 47 -60 10 -67 10 -35 86 
119 -182 137 -127 128 -124 118 -137 
26 27 21 9 43 56 47 30 
41 -13 34 -87 55 -50 51 8 
-26 -57 -18 -66 -21 -52 -25 -92 
18 -3 8 -2 -3 -13 -3 22 
-358 -61 -423 -53 -371 -70 -327 -112 
80 544 43 554 2 561 108 633 
-56 44 -79 29 -5 70 -79 72 
126 -173 130 -112 147 -160 146 -203 
3 -9 70 40 58 75 34 9 
32 -21 107 -31 83 -54 5 -34 
-40 -50 -71 -65 -51 -26 -41 -96 
-47 34 -19 53 -4 -1 -3 -14 
-355 -93 -356 -56 -378 -95 -378 -41 
39 602 72 572 36 581 34 561 
-69 14 -42 81 -98 29 6 25 
177 -206 142 -195 159 -190 101 -179 
33 22 11 46 -4 1 50 -3 
48 -7 11 -30 27 -63 16 -36 
-73 -54 -18 -65 -4 -45 -14 -51 
-70 63 -85 36 4 95 8 86 
-339 -126 -351 -122 -358 -145 -350 -103 
67 612 26 639 32 588 53 643 
-75 36 -27 76 -102 63 -86 62 
125 -183 89 -95 142 -153 136 -142 
19 2 5 2 47 18 53 23 
37 -67 57 -38 19 -56 21 -65 
-65 -118 -61 -82 -48 -21 -14 -64 
-22 4 -42 -12 13 84 -61 7 
-391 -116 -273 -172 -353 -144 -397 -221 
-22 576 42 551 80 559 50 606 
-71 21 -77 44 -35 39 -78 28 
156 -163 185 -153 123 -158 119 -218 
-6 86 77 20 70 28 74 72 
16 -7 56 -56 66 -79 4 -26 
-39 -33 -45 -120 -45 -37 -50 -68 
-27 14 -84 56 -42 5 -16 25 
-344 -162 -303 -176 -330 -138 -334 -124 
49 586 13 623 39 610 55 597 
-58 62 -61 19 -61 16 -114 52 
115 -153 129 -155 125 -166 206 -132 
40 20 28 0 30 -1 -6 56 
39 -18 16 -35 10 -47 19 -92 
-54 -78 -35 -61 -123 -160 -70 -100 
-72 40 -28 -18 -64 3 -15 27 
-364 -200 -332 -150 -290 -167 -354 -160 
16 677 25 566 11 624 36 547 
-61 -8 -64 9 -78 28 -84 23 
123 -145 182 -155 125 -198 118 -128 
55 -10 28 -13 -52 66 9 20 
71 -41 -28 -29 67 -18 23 -70 
-87 -110 2 -81 -14 -80 -46 -89 
-8 38 3 66 -42 -3 -37 21 
-307 -140 -402 -195 -332 -170 -299 -182 
28 638 5 636 92 629 42 571 
-57 69 -76 19 -22 24 -38 12 
131 -163 113 -136 139 -131 111 -130 
38 -24 31 -46 21 -7 20 26 
21 -9 10 -85 5 -13 89 -72 
-75 -95 -38 -57 -54 -122 -32 -62 
-72 16 -16 21 2 74 -68 45 
-366 -142 -357 -204 -341 -147 -354 -208 
2 594 59 582 -8 624 78 571 
-75 33 -72 14 -29 38 -45 8 
122 -128 104 -126 111 -184 136 -151 
47 47 59 11 8 -15 21 70 
-9 -27 36 -64 13 -22 8 -56 
-69 -177 -66 -82 -135 -42 -21 -104 
-53 5 -67 53 2 -59 -81 8 
-347 -183 -317 -231 -364 -169 -247 -130 
6 596 49 647 32 619 67 617 
-66 27 -31 23 -50 45 -18 -2 
117 -163 100 -164 165 -110 133 -99 
55 56 76 44 45 52 -10 0 
-28 -58 101 -31 20 -37 -6 -38 
-26 -131 5 5 -40 -99 6 -130 
-6 -22 -45 101 -80 -1 -40 -28 
-327 -188 -254 -180 -371 -190 -418 -176 
63 589 46 616 61 626 71 615 
16 15 -65 -32 -57 20 -26 -28 
119 -186 104 -255 155 -134 102 -121 
57 36 45 0 61 44 5 7 
42 -27 73 -78 78 -2 48 -32 
-104 -215 -13 -12 -45 -12 -28 -84 
46 59 19 16 -6 41 -49 -20 
-345 -232 -359 -172 -383 -216 -311 -211 
15 572 50 595 35 529 -207 775 
-90 39 -45 23 -53 -15 -58 9 
131 -153 125 -158 142 -150 131 -132 
44 59 63 43 40 26 30 -21 
34 -37 53 -31 -4 -9 21 -58 
-42 -53 -19 -59 9 -79 -6 -19 
-16 30 -58 -3 -57 41 -72 97 
-300 -165 -287 -271 -360 -232 -390 -285 
-11 638 14 614 9 640 54 623 
-17 15 -29 45 -73 19 -24 13 
173 -173 114 -135 141 -102 144 -179 
-5 13 42 36 14 36 5 36 
38 -65 38 -6 93 -16 52 -68 
-21 -61 9 -119 -49 -115 -40 -77 
8 -18 -35 36 -56 53 -33 18 
-277 -199 -270 -214 -392 -156 -337 -272 
43 582 -23 675 32 599 39 607 
-37 -13 -48 2 -37 -18 14 -3 
123 -152 135 -106 145 -99 112 -77 
49 7 70 62 27 -6 11 42 
36 -39 8 -18 40 38 65 -71 
-19 -15 -24 -98 -65 -78 -46 -89 
38 29 -18 75 10 12 -61 -16 
-309 -219 -358 -226 -269 -218 -299 -246 
21 632 25 571 51 583 26 610 
-76 -58 -43 -17 -53 -34 -72 -34 
132 -10 154 -80 193 -132 25 -144 
33 -11 16 42 17 -14 65 7 
40 -21 25 -58 0 -8 63 -84 
-48 -100 -33 -41 -27 -88 -48 -84 
-81 15 -51 69 -50 29 -32 7 
-357 -243 -360 -264 -349 -224 -369 -249 
59 578 66 651 99 637 174 579 
-56 -30 -54 -58 -32 -41 -19 -21 
128 -131 97 -86 77 -132 89 -162 
48 44 37 29 12 43 14 44 
31 -41 -13 18 14 -44 48 -52 
-14 -48 -36 -118 -24 -49 5 -115 
-31 48 -12 45 14 9 -28 45 
-394 -214 -371 -233 -340 -245 -284 -244 
606 514 -442 737 -155 681 -115 679 
5 -14 -35 -46 -24 -43 -76 -56 
178 -122 115 -163 113 -74 128 -122 
37 66 11 84 63 34 25 13 
48 -79 26 -3 40 -91 53 0 
-39 -102 -79 -66 -52 -89 -80 -110 
-43 23 -80 12 -84 43 -63 33 
-303 -234 -365 -184 -339 -282 -333 -255 
-93 636 -51 676 -71 668 -48 615 
-89 -59 5 -33 -60 -66 25 -72 
103 -103 173 -230 100 -124 144 -122 
-17 49 37 -43 20 10 16 19 
19 -62 59 -217 2 -2 26 8 
-27 -77 -71 -93 -44 -106 -43 -66 
-32 -6 14 -15 -39 -23 -35 7 
-307 -241 -319 -223 -316 -234 -342 -249 
-68 665 -20 676 -1 671 -17 625 
-68 -47 -71 -95 -27 -87 9 -72 
158 -160 195 -108 88 -148 130 -90 
62 57 53 43 53 -31 30 27 
-5 -39 14 -23 -101 -23 46 -12 
-56 -99 -65 -105 -37 -113 13 -106 
-43 33 -20 47 -45 19 -1 -13 
-358 -223 -401 -271 -349 -273 -288 -341 
-36 668 -51 678 -56 638 -45 669 
-10 -76 -9 -34 -20 -51 45 -95 
144 -121 145 -112 149 -107 138 -112 
18 -4 73 32 14 47 40 58 
15 -31 -9 -65 -6 -31 25 -8 
-48 -106 -63 -108 -4 -99 -1 -63 
-51 18 -106 9 -38 24 -41 51 
-340 -282 -425 -278 -322 -297 -328 -272 
-2 648 -32 602 -39 512 24 663 
-18 -84 -19 -70 16 -123 32 -95 
148 -120 109 -103 128 -150 102 -129 
55 7 63 60 -34 41 33 -8 
37 -45 52 -46 25 -17 10 -34 
-88 -100 -39 -114 -2 -77 -72 -57 
-41 -11 -72 10 -13 -49 -101 6 
-377 -347 -357 -288 -352 -269 -337 -228 
-46 674 -27 701 -74 682 -29 623 
4 -68 -30 -110 11 -59 -11 -127 
141 -96 77 -173 151 -185 79 -99 
63 -69 34 46 -5 35 53 67 
-19 -35 23 -93 53 17 32 -101 
-2 -80 -26 -90 -51 -93 -65 -69 
-56 27 -10 40 -42 18 -60 2 
-377 -291 -334 -322 -379 -303 -341 -299 
-76 666 -104 668 4 648 -41 648 
14 -131 1 -160 28 -133 -1 -85 
109 -102 146 -123 102 -94 64 -80 
69 34 7 -30 36 33 40 24 
73 -34 17 -39 17 -78 67 -58 
-58 -89 -57 -98 -26 -103 -49 -115 
-6 5 -49 18 -29 89 -47 -13 
-349 -282 -371 -276 -346 -277 -358 -284 
-30 589 -56 642 -104 657 -6 633 
0 -139 14 -154 19 -185 -3 -138 
99 -157 103 -116 205 -54 171 -171 
49 44 29 9 2 72 9 26 
5 -23 32 -41 13 -64 78 -98 
-54 -55 -66 -168 -119 -73 -57 -136 
-64 12 -32 29 -14 15 -24 24 
-367 -234 -313 -299 -326 -314 -361 -304 
-30 678 39 674 -62 729 -47 683 
-1 -176 24 -189 32 -176 17 -251 
139 -111 112 -98 183 -123 117 -70 
9 14 50 13 222 36 -3 47 
5 -68 64 -29 33 -53 11 -45 
-47 -122 -68 -61 -52 -92 -53 -117 
-16 16 -27 33 -26 12 -62 -7 
-353 -280 -338 -295 -354 -292 -305 -319 
-58 685 -91 672 -64 654 -68 688 
32 -145 13 -230 18 -202 23 -224 
145 -134 144 -125 154 -94 147 -131 
2 47 43 50 47 15 47 -18 
1 -43 56 -9 48 -112 24 -27 
-102 -107 -9 -168 -26 -88 -19 -122 
-82 -33 -23 36 5 27 -56 -4 
-304 -327 -375 -300 -379 -285 -355 -280 
-70 684 -51 744 -77 673 -125 748 
71 -195 94 -268 24 -263 60 -277 
140 -141 19 -38 85 -79 109 -119 
78 98 20 30 76 37 39 26 
53 -37 2 -59 1 -52 71 -6 
-11 -107 -110 -152 -82 -157 -78 -81 
-29 18 -100 109 -2 0 -26 46 
-366 -324 -368 -302 -358 -325 -401 -324 
-50 694 -71 710 -50 669 -88 709 
125 -307 104 -317 72 -316 83 -315 
117 -142 159 -96 105 -97 118 -114 
31 39 61 78 55 89 88 -4 
21 -36 58 -69 59 -80 42 -41 
-93 -81 -72 -99 -56 -78 -41 -65 
-16 -1 -18 25 -72 80 -47 -45 
-411 -435 -405 -314 -383 -327 -394 -320 
-80 697 -113 654 -78 711 -67 726 
112 -313 106 -347 104 -400 127 -389 
106 -126 109 -129 147 -87 82 -121 
-10 75 40 55 -9 43 9 47 
53 37 62 -91 36 -59 12 -21 
-88 -101 -28 -149 -22 -144 -113 -109 
-63 63 -32 -16 -72 28 -19 44 
-350 -377 -450 -375 -421 -359 -411 -293 
-66 708 -105 682 -85 752 -129 720 
138 -360 165 -433 167 -445 188 -503 
122 -109 106 -103 118 -82 67 -79 
25 25 63 23 -12 34 22 41 
25 -57 13 -21 16 -61 28 -3 
-70 -178 -21 -115 -63 -161 -36 -107 
-61 28 -19 2 -71 -5 -46 -6 
-401 -387 -459 -407 -388 -312 -406 -367 
-84 756 -98 692 -169 702 -51 726 
171 -443 184 -511 138 -536 200 -561 
76 -115 150 -121 117 -73 90 -159 
8 50 -16 5 74 52 94 11 
29 -16 74 -22 -9 -89 -14 -42 
-115 -107 -72 -155 -32 -126 -66 -155 
-21 84 -65 40 -16 10 -15 36 
-388 -404 -360 -355 -444 -382 -328 -339 
-106 749 -73 733 -94 742 -115 783 
243 -583 197 -608 206 -572 269 -685 
79 -150 83 -99 125 -109 77 -140 
38 24 42 65 58 24 74 4 
77 -59 29 -63 51 -73 7 -83 
-97 -125 -21 -12 -36 -138 -91 -67 
-46 9 -80 2 -58 4 -40 -17 
-364 -356 -438 -361 -360 -370 -400 -388 
-116 766 -62 738 -124 768 -138 750 
232 -757 320 -788 359 -839 316 -869 
81 -127 92 -104 78 -110 93 -182 
24 21 52 26 24 40 49 54 
56 -14 44 -38 -13 -46 -50 -48 
-52 -133 -66 -146 -55 -99 -40 -123 
24 54 -5 27 -23 11 16 3 
-420 -387 -398 -380 -444 -398 -421 -378 
-131 789 -89 745 -48 719 -93 757 
388 -954 323 -1067 483 -1088 491 -1157 
138 -101 99 -96 79 -122 131 -144 
-20 20 25 -5 37 0 0 18 
20 -55 33 -48 -5 -42 34 -51 
-46 -176 -81 -135 -15 -94 -117 -235 
-43 -4 -66 -39 -28 -1 -48 69 
-418 -422 -455 -429 -417 -390 -434 -382 
-125 762 -160 801 -120 767 -107 760 
528 -1218 558 -1435 616 -1516 661 -1698 
58 -80 145 -116 114 -110 133 -75 
30 48 51 82 41 27 27 54 
47 -49 20 42 74 -41 84 -74 
-122 -152 -40 -167 -106 -120 -59 -162 
-43 19 -38 -9 -43 7 -34 36 
-420 -418 -433 -444 -431 -527 -433 -414 
-160 760 -121 765 -171 790 -173 771 
748 -1860 857 -2144 969 -2297 1082 -2658 
164 -107 114 -63 68 -100 101 -43 
54 32 16 43 22 70 22 26 
-3 -42 11 -40 20 14 24 -33 
-86 -98 -115 -142 -195 -7 46 -142 
-85 6 -3 34 -47 -5 -46 -10 
-400 -418 -438 -417 -412 -450 -458 -486 
-170 725 -100 807 -179 757 -197 872 
1249 -3079 1502 -3627 1844 -4394 2335 -5510 
66 -155 134 -147 105 -74 145 -86 
58 56 79 76 41 87 -23 -36 
49 -7 49 -48 32 -25 14 -36 
-83 -181 -22 -149 -44 -112 -47 -144 
-49 -26 -7 -22 -40 29 -22 19 
-436 -428 -447 -420 -465 -405 -477 -462 
-168 770 -154 799 -187 844 -151 789 
3120 -7375 4648 -10989 9003 -21019 14413 10614 
114 -128 141 -176 137 -124 207 -101 
32 -25 28 85 -4 28 56 13 
24 -47 33 -32 12 -25 -13 -60 
-80 -123 -52 -105 -59 -163 -73 -146 
-45 7 -26 33 -62 45 -46 14 
-440 -429 -448 -451 -420 -450 -500 -509 
-151 846 -190 817 -185 810 -150 869 
-12070 27956 -5748 13204 -3760 8712 -2853 6531 
36 -106 94 -131 86 -130 110 -127 
4 12 8 32 9 67 -10 66 
6 -73 16 -50 13 -32 55 -35 
-52 -174 -92 -148 -68 -174 -109 -207 
-51 35 -41 -16 -37 5 -25 -10 
-482 -466 -472 -476 -553 -465 -588 -458 
-169 790 -239 863 -172 847 -198 878 
-2303 5241 -1964 4407 -1723 3836 -1497 3326 
130 -168 107 -106 108 -32 53 -57 
-12 56 -17 56 20 27 40 13 
13 -17 35 -39 -4 -35 14 -10 
-77 -127 -96 -159 -73 -156 -93 -152 
-83 17 -118 23 5 17 -56 26 
-332 -442 -507 -420 -444 -451 -434 -467 
-146 870 -218 844 -115 840 -237 903 
-1342 3045 -1214 2748 -1132 2564 -1047 2371 
103 -83 126 -108 66 -97 132 -148 
28 55 5 53 42 48 -21 9 
22 -40 13 -50 -8 -55 72 -80 
686 -575 4 -236 -2 -238 -73 -147 
-66 -6 -15 9 -13 58 -75 21 
-492 -477 -443 -525 -424 -498 -467 -485 
-221 863 -142 859 -187 968 -251 857 
-913 2201 -919 2053 -793 1916 -841 1862 
68 -89 88 -99 130 -103 167 -105 
66 16 -5 87 -7 64 -3 64 
35 -34 41 -56 45 -31 0 11 
-89 -205 -31 -151 -23 -198 5 -192 
-23 48 -9 22 -59 28 -20 42 
-468 -508 -513 -493 -473 -514 -485 -486 
-294 841 -310 931 -278 916 -281 914 
-789 1771 -794 1648 -784 1624 -720 1557 
66 -93 74 -70 136 -100 63 -48 
-12 66 -35 51 22 38 47 60 
52 -40 44 -49 -8 -15 18 -64 
-131 -205 -80 -220 -94 -202 -104 -205 
-21 -40 -13 -35 -23 13 -48 47 
-492 -584 -543 -535 -500 -536 -475 -496 
-275 867 -327 920 -311 944 -287 955 
-716 1458 -685 1451 -616 1432 -600 1344 
127 -61 91 -77 95 -98 105 -67 
-9 41 -22 62 35 -7 85 59 
-19 -50 51 -26 13 -16 55 -31 
-96 -156 -113 -195 -82 -184 -38 -176 
-24 90 -78 -16 -40 -9 -52 30 
-495 -527 -552 -614 -501 -493 -547 -539 
-306 947 -366 909 -242 949 -274 938 
-634 1344 -571 1281 -607 1208 -512 1252 
140 -109 136 -46 130 -102 94 -129 
-8 38 44 42 77 68 105 87 
-1 -35 36 -46 51 -26 40 -49 
-116 -198 -57 -223 -155 -168 -72 -170 
-61 4 -55 -3 -87 -5 -65 -4 
-506 -540 -532 -552 -503 -480 -489 -561 
-296 974 -299 977 -348 975 -375 996 
-547 1203 -524 1149 -510 1139 -526 1132 
114 -99 121 -119 115 -98 91 -71 
-45 97 -13 42 -4 -3 40 52 
25 17 17 -50 97 -76 43 21 
-99 -249 -112 -205 -164 -215 -116 -218 
-69 0 -98 6 -38 -35 -28 2 
-537 -575 -527 -546 -498 -549 -538 -566 
-396 1004 -354 1097 -336 1019 -304 1030 
-511 1081 -483 1059 -442 1008 -556 1061 
72 -120 106 -80 112 -84 151 -137 
16 76 44 66 -1 39 49 126 
5 -13 27 6 -4 -19 23 53 
-85 -207 -73 -181 -82 -254 -116 -233 
-63 11 -5 -45 -105 33 -22 18 
-536 -586 -524 -580 -531 -589 -545 -614 
-404 1068 -422 1065 -373 1040 -434 1092 
-488 1004 -547 1005 -451 982 -450 982 
82 -63 76 -92 82 -118 98 -90 
29 37 23 25 -27 18 -56 74 
26 -30 30 3 -16 -50 -6 30 
-146 -216 -127 -239 -135 -250 -100 -244 
-77 6 -117 -13 -59 -13 -67 -39 
-539 -605 -565 -611 -503 -570 -594 -616 
-385 1057 -399 1112 -429 1135 -411 1101 
-454 945 -462 940 -451 923 -462 925 
69 -95 93 -61 131 -93 164 -101 
10 71 -1 23 -28 78 32 83 
21 -20 2 -14 22 8 -31 -21 
-100 -237 -92 -220 -93 -265 -130 -235 
12 26 -80 -32 -38 -36 -77 10 
-536 -623 -541 -699 -592 -604 -592 -609 
-480 1163 -457 1141 -465 1163 -514 1210 
-469 892 -445 886 -424 872 -424 824 
105 -85 142 -3 111 -112 125 -53 
15 18 12 23 24 68 -8 48 
4 -92 54 -60 30 -33 39 5 
-149 -232 -181 -244 -76 -232 -60 -252 
-40 -12 -41 -8 -4 -13 -10 -20 
-577 -638 -586 -625 -644 -636 -560 -688 
-531 1243 -485 1205 -539 1220 -504 1278 
-428 856 -432 832 -435 831 -406 889 
140 -74 136 -85 83 -113 110 -84 
60 86 10 120 1 -1 47 16 
-6 -11 35 -33 32 -26 23 -59 
-170 -274 -118 -286 -117 -283 -132 -323 
-35 3 -61 40 -44 -20 -31 -1 
-638 -660 -568 -594 -625 -667 -589 -730 
-501 1256 -540 1300 -601 1349 -640 1370 
-409 810 -410 842 -405 803 -449 814 
48 -64 83 -109 118 -95 159 -23 
-1 48 71 33 27 1 45 2 
52 -68 47 -25 77 -3 3 -61 
-137 -286 -134 -272 -161 -345 -187 -320 
-43 -5 -114 36 -79 30 -56 48 
-581 -648 -595 -695 -677 -735 -621 -680 
-587 1395 -630 1380 -670 1366 -696 1426 
-362 853 -413 845 -369 774 -410 793 
99 -81 139 -65 67 -85 75 -77 
-13 60 -3 53 55 24 35 22 
-14 -10 67 -1 24 -7 24 -55 
-122 -309 -101 -291 -117 -326 -98 -321 
-58 30 -22 26 -40 -18 -56 44 
-671 -688 -655 -723 -673 -744 -599 -710 
-685 1463 -734 1498 -773 1548 -741 1550 
-401 802 -395 746 -391 735 -335 749 
122 -85 112 -57 131 -147 78 -86 
7 64 31 50 16 54 13 93 
43 -34 1 -25 -4 -31 15 -24 
-111 -284 -133 -296 -157 -297 -119 -355 
-101 48 -7 28 -54 2 -33 19 
-623 -734 -627 -736 -592 -728 -619 -763 
-834 1573 -840 1640 -831 1674 -802 1733 
-380 738 -404 727 -398 799 -401 713 
69 -95 174 -48 134 -102 139 -87 
35 45 43 42 56 133 43 37 
-11 -24 20 -34 -11 -28 1 21 
-150 -314 -164 -347 -120 -335 -155 -337 
-60 6 -17 9 -31 -49 -78 20 
-617 -761 -631 -766 -614 -769 -699 -781 
-952 1723 -975 1831 -1010 1845 -1052 1868 
-359 726 -374 758 -437 694 -437 719 
135 -57 73 -84 146 -46 81 -77 
12 25 23 69 -5 38 41 51 
12 -86 -23 -62 -27 -18 11 -57 
-171 -348 -154 -340 -113 -294 -233 -441 
-36 20 -72 -17 -23 19 -32 34 
-654 -803 -631 -775 -877 -718 -719 -829 
-1133 1985 -1124 2073 -1186 2083 -1234 2134 
-332 802 -354 718 -376 700 -329 696 
63 -207 140 -66 90 -57 119 -40 
-27 17 25 13 35 53 34 93 
22 -37 18 -116 -23 -83 29 -46 
-240 -420 -172 -382 -122 -428 -177 -446 
-18 -18 -45 -25 -27 26 -18 37 
-705 -807 -731 -829 -725 -833 -708 -859 
-1325 2212 -1363 2317 -1422 2364 -1568 2523 
-334 716 -384 741 -397 670 -363 719 
78 -73 85 -61 119 -111 136 -57 
47 67 21 70 30 73 36 16 
38 -22 82 -15 20 -54 3 -76 
-198 -454 -196 -441 -161 -472 -205 -445 
-121 -16 -70 -20 -60 -2 -63 -28 
-699 -849 -701 -846 -720 -835 -756 -890 
-1661 2589 -1719 2778 -1857 2937 -2054 3087 
-378 722 -355 699 -363 660 -390 722 
109 -90 113 -41 114 -50 97 -35 
26 88 2 64 22 29 42 84 
12 -70 -6 -40 33 -54 -13 -121 
-192 -444 -167 -431 -203 -446 -180 -476 
-56 3 -160 -40 -27 25 -36 4 
-728 -878 -756 -892 -740 -899 -752 -914 
-2163 3227 -2361 3511 -2590 3757 -2706 4006 
-354 684 -404 697 -339 731 -340 616 
114 -74 71 -61 73 -71 119 -74 
-27 69 41 86 43 37 -7 -9 
-32 -25 -35 -11 82 12 25 -50 
-198 -494 -230 -515 -235 -553 -224 -486 
-59 -5 -52 -36 -76 12 -74 -11 
-793 -907 -807 -888 -789 -967 -781 -993 
-3125 4414 -3442 4782 -3921 5349 -4360 6053 
-347 719 -397 753 -384 685 -366 697 
108 -53 131 -81 111 -75 134 -80 
2 64 64 62 58 93 -25 30 
67 -87 13 -28 45 -20 49 -60 
-279 -539 -259 -567 -274 -565 -226 -557 
-69 -14 0 6 -72 -4 -11 43 
-788 -960 -780 -880 -788 -993 -775 -1034 
-5144 6940 -6158 8141 -7666 10021 -10086 12991 
-377 699 -393 686 -378 680 -354 687 
156 -119 40 -50 81 -72 139 -13 
9 65 -31 56 13 73 19 64 
13 -51 16 7 -16 -41 42 -37 
-229 -597 -311 -584 -232 -656 -248 -649 
-53 14 -17 35 -22 -43 -32 -20 
-851 -995 -869 -1022 -923 -1057 -841 -1002 
-14734 18710 -26941 -31834 -20469 -10054 -23151 14128 
-388 714 -369 613 -350 700 -369 650 
124 -75 150 -116 101 -78 95 -23 
-19 79 23 65 11 65 9 8 
29 -26 48 -46 -1 18 45 -21 
-342 -682 -291 -721 -284 -760 -359 -776 
-55 -2 -17 9 -16 5 -112 -20 
-907 -1043 -911 -1093 -841 -1089 -873 -1126 
18700 -22287 12045 -14105 8874 -10295 7082 -8070 
-345 693 -366 705 -332 707 -374 694 
62 -119 97 -84 94 -57 51 -61 
-39 -11 58 55 3 70 -5 33 
9 -10 12 9 58 -43 48 -104 
-291 -769 -364 -781 -326 -841 -370 -916 
-29 16 -16 -93 -55 -8 -98 -36 
-929 -1105 -924 -1107 -917 -1168 -939 -1163 
5912 -6585 5061 -5546 4433 -4814 3949 -4201 
-320 681 -404 645 -399 631 -369 710 
133 -98 77 -130 92 -94 99 -92 
12 57 35 78 46 16 12 31 
15 -57 -7 -25 42 -26 10 -13 
-422 -857 -392 -961 -475 -999 -459 -1010 
-40 13 -64 -13 -63 -31 18 -19 
-922 -1129 -951 -1214 -988 -1212 -992 -1231 
3574 -3756 3248 -3310 2983 -2991 2767 -2770 
-337 692 -406 571 -383 684 -361 641 
82 -75 113 -65 67 -135 92 -62 
19 68 34 73 38 81 11 63 
13 -73 -5 -41 31 -18 33 -46 
-467 -1118 -450 -1125 -489 -1188 -547 -1261 
-25 2 -54 2 -20 2 -49 25 
-999 -1234 -986 -1235 -994 -1301 -991 -1339 
2544 -2488 2384 -2326 2324 -2143 2162 -2055 
-369 677 -382 675 -395 669 -316 703 
77 -89 108 -64 71 -56 66 -102 
-8 42 19 54 19 99 57 90 
37 -16 4 55 -21 -23 -6 -51 
-585 -1373 -650 -1471 -643 -1603 -712 -1691 
-88 8 -69 3 -56 -61 -3 -19 
-1074 -1282 -1075 -1330 -1093 -1377 -1057 -1386 
2032 -1873 1915 -1652 1820 -1618 1809 -1554 
-343 681 -366 671 -405 674 -389 699 
125 -66 54 -44 132 -62 86 -24 
5 35 12 93 39 100 16 62 
8 -70 33 -30 5 -5 33 -31 
-765 -1841 -852 -2039 -1009 -2258 -1003 -2525 
26 1 -67 -11 -29 3 -153 39 
-1093 -1391 -1190 -1449 -1129 -1444 -1124 -1480 
1683 -1431 1662 -1385 1586 -1298 1500 -1246 
-398 661 -365 659 -372 721 -415 713 
73 -101 75 -95 94 -89 95 -51 
11 130 0 14 -27 76 27 51 
-22 12 74 -15 23 -72 30 30 
-1184 -2863 -1371 -3337 -1636 -3973 -2003 -4851 
-86 -24 -14 -86 -83 12 -70 12 
-1197 -1484 -1224 -1520 -1165 -1568 -1229 -1581 
1417 -1205 1367 -1102 1356 -1021 1315 -965 
-379 713 -310 714 -361 648 -358 673 
138 -43 134 -93 110 -66 159 -74 
35 83 16 42 23 28 15 66 
18 -60 65 -30 52 -54 75 -21 
-2565 -6337 -3702 -8998 -6443 -15542 -23266 8735 
-65 44 -83 4 -59 19 -86 -41 
-1223 -1571 -1224 -1570 -1299 -1666 -1279 -1670 
1311 -983 1262 -879 1191 -865 1170 -822 
-373 709 -389 723 -321 704 -412 691 
58 -94 121 -71 94 -26 68 -97 
-30 80 39 87 50 27 -18 41 
35 -25 49 -67 2 -42 1 -61 
14055 -31249 5321 13141 3359 8174 2408 5863 
-79 7 -68 -8 -31 57 -81 2 
-1304 -1680 -1367 -1711 -1316 -1737 -1386 -1767 
1148 -782 1164 -760 1097 -663 1106 -674 
-370 741 -367 646 -349 677 -415 681 
90 -81 77 -28 59 -72 74 -103 
48 97 5 90 1 89 53 49 
2 -49 6 -120 -92 -149 84 -51 
1864 4599 1553 3782 1303 3221 1145 2793 
-51 26 -42 49 -74 -27 -39 -10 
-1402 -1793 -1423 -1870 -1495 -1887 -1467 -1947 
1073 -606 1053 -615 1077 -574 995 -574 
-378 642 -290 686 -373 681 -361 654 
95 -58 96 -40 87 -62 99 -43 
-22 60 -52 48 26 132 1 48 
7 -22 39 18 35 -64 0 -1 
1016 2464 910 2206 753 2037 745 1828 
-72 -15 -53 -37 -68 -9 -26 -62 
-1544 -1922 -1540 -2032 -1566 -2110 -1593 -2042 
952 -599 936 -523 896 -487 941 -488 
-419 735 -357 710 -402 705 -415 685 
84 -59 138 -78 127 -104 64 -83 
-18 90 -11 110 -28 121 21 47 
18 -45 37 -22 55 5 10 -60 
685 1669 645 1624 624 1499 605 1353 
-67 -2 -91 23 -42 11 -55 -12 
-1636 -2150 -1641 -2188 -1666 -2257 -1711 -2321 
839 -432 862 -461 890 -374 847 -403 
-405 656 -397 680 -370 675 -396 711 
80 -55 85 -66 75 -91 121 -75 
-13 68 -11 106 -3 42 38 77 
2 -12 15 -32 71 -5 52 -2 
497 1270 481 1254 436 1179 480 1091 
-67 38 -46 31 -6 -72 -82 -8 
-1763 -2318 -1809 -2404 -1891 -2468 -1830 -2503 
875 -425 832 -403 814 -366 839 -245 
-347 700 -368 699 -423 689 -419 716 
107 -68 89 -35 55 -103 79 -73 
-35 68 9 70 22 100 2 59 
53 -44 24 -26 41 -12 5 -30 
431 1022 366 987 341 955 315 916 
-66 -17 -90 -26 -60 0 -94 22 
-1921 -2534 -2019 -2716 -2024 -2708 -2058 -2775 
800 -353 747 -315 798 -291 744 -325 
-396 684 -387 714 -388 728 -400 662 
52 -51 110 -113 108 -86 128 -42 
-3 61 -6 -15 -3 67 49 69 
-11 -22 20 -42 5 -21 -19 -19 
364 858 345 856 320 822 320 772 
-59 -22 -59 -36 -17 15 -51 25 
-2153 -2919 -2224 -2903 -2301 -2993 -2293 -3147 
772 -351 751 -255 682 -246 672 -210 
-412 682 -429 744 -418 699 -473 683 
97 -31 117 -71 67 -44 115 -69 
21 63 3 78 11 60 -18 72 
125 15 20 -30 39 -21 14 -1 
296 708 259 680 270 681 241 671 
-68 -10 -36 -18 -34 -15 -84 -14 
-2393 -3229 -2481 -3338 -2563 -3424 -2630 -3574 
700 -216 721 -247 690 -186 689 -218 
-393 767 -427 682 -432 743 -352 734 
96 -50 67 -49 77 -53 93 -46 
-56 38 96 79 69 68 20 146 
19 -26 28 65 33 25 19 1 
237 651 297 672 246 643 254 600 
-53 -1 -58 6 -40 -10 -38 -27 
-2688 -3728 -2794 -3813 -2899 -3990 -3002 -4132 
636 -181 637 -172 632 -124 644 -134 
-384 692 -461 587 -391 727 -369 675 
97 -27 97 -79 92 -61 120 -56 
23 67 91 97 -2 100 10 130 
11 -17 21 -43 -4 -36 -7 -54 
214 580 231 563 211 543 219 537 
-10 64 -24 -28 3 -46 -99 11 
-3125 -4291 -3249 -4475 -3370 -4694 -3524 -4914 
644 -174 708 -168 691 -151 656 -155 
-481 744 -453 741 -417 812 -462 816 
84 -24 109 -83 89 -77 97 -41 
-26 77 34 90 18 91 26 104 
25 -20 12 -15 34 -23 22 -95 
179 558 197 525 203 534 214 484 
-61 -25 -118 -16 -48 -14 -48 -18 
-3728 -5127 -3966 -5348 -4060 -5733 -4298 -5992 
638 -121 647 -72 587 -80 631 -84 
-480 757 -408 733 -406 729 -439 740 
83 -46 93 -84 110 -69 163 -98 
-28 79 19 12 -2 85 -14 79 
26 -1 36 16 6 -32 44 -21 
168 485 194 445 182 481 187 472 
-58 -7 -16 13 -73 32 -92 -59 
-4460 -6313 -4773 -6750 -5110 -7199 -5494 -7747 
603 -68 597 -91 603 -77 611 -40 
-386 741 -396 715 -481 761 -407 747 
29 -36 82 -47 21 -88 85 -93 
-16 91 -29 52 -28 118 -75 105 
55 -50 41 -42 142 -42 -48 -12 
196 331 170 487 129 429 111 417 
-90 -11 -27 -34 -26 -31 -30 -36 
-5870 -8303 -6325 -8966 -6928 -9748 -7549 -10709 
600 -61 602 -47 529 -17 591 -37 
-409 810 -434 779 -460 797 -360 781 
47 6 73 -57 41 -93 69 -102 
-178 167 217 36 83 80 0 31 
-37 -35 17 -55 2 -43 -43 8 
159 412 144 419 126 345 148 429 
-34 -13 18 -36 -114 -4 -56 -11 
-8412 -11909 -9403 -13338 -10681 -15206 -12356 -17593 
590 -40 598 -46 569 18 596 -25 
-424 849 -574 222 -459 745 -409 755 
95 -56 112 -85 69 -18 69 -36 
53 82 56 30 78 150 26 34 
0 -26 -33 -27 49 -20 -71 25 
120 355 130 434 119 409 117 379 
-76 -37 -43 -14 -62 11 -72 -1 
-14669 -20966 -18104 -25854 -23546 31804 31730 17176 
531 13 542 4 526 37 584 66 
-434 803 -14390 30866 -488 725 -453 764 
79 -19 27225 24955 96 -73 9 25 
46 7 -30482 20880 66 111 -25 100 
20 -11 15734 12648 5 0 -7 -53 
120 365 3738 -3434 134 291 107 408 
-90 10 -15262 1284 -113 -2 -88 2 
5960 -19919 32190 -22536 -19104 30169 -19725 628 
537 42 -10347 30079 562 -39 548 44 
-451 767 -441 805 -474 819 -464 765 
146 -118 68 -74 51 -57 60 -51 
-3 107 20 120 28 113 6 85 
21 -11 -18 6 21 -38 -38 -15 
115 329 101 321 120 357 132 285 
-103 -55 -129 -17 -22 28 -47 6 
28775 -23911 21016 30334 16522 23935 13610 19797 
498 138 445 103 488 89 595 110 
-455 765 -442 761 -456 751 -516 826 
90 -93 123 -93 127 -78 77 -90 
19 103 6 83 -16 -95 -1 119 
39 53 7 -109 -15 -39 82 -30 
141 297 114 297 132 251 128 308 
-79 -28 -26 -44 -46 5 -94 -1 
11567 16815 10038 14679 8900 13029 7909 11711 
548 62 530 64 588 54 533 11 
-500 774 -496 829 -476 841 -492 834 
97 -43 119 -54 109 -82 110 11 
0 78 19 92 38 129 53 87 
-1 -57 53 42 47 -7 44 -29 
106 344 114 309 140 265 60 288 
-56 20 -64 -55 -44 9 9 -58 
7222 10560 6571 9670 6098 8965 5627 8251 
578 58 506 109 494 134 531 102 
-498 820 -467 896 -498 856 -529 812 
93 -62 33 -6 135 -56 56 -40 
-42 100 -2 115 44 108 4 125 
49 -40 12 10 41 43 29 -58 
138 324 67 284 154 292 65 280 
-52 11 -74 -27 -20 -5 -75 -19 
5238 7700 4910 7285 4632 6828 4304 6383 
544 113 503 73 542 100 472 83 
-536 807 -513 861 -554 885 -555 845 
112 -68 91 -81 107 -48 43 -3 
-11 192 18 60 11 106 12 54 
40 -59 -16 -15 -3 -48 8 -2 
74 315 131 295 78 263 69 287 
-71 -15 -46 -12 -78 -35 -72 -64 
4121 6126 3880 5824 3689 5510 3530 5278 
461 84 469 154 524 125 515 139 
-527 844 -505 853 -449 872 -492 814 
75 -35 117 -56 120 -84 66 2 
-23 78 2 30 22 83 27 91 
31 9 -87 -30 57 -37 36 -19 
79 274 71 271 97 240 120 220 
-60 -20 -54 -43 -21 -17 -51 3 
3379 5028 3224 4822 3134 4633 2913 4487 
476 116 494 87 486 148 467 88 
-566 878 -576 867 -451 908 -502 887 
33 -70 82 -85 113 -18 124 -33 
-42 94 38 107 -23 70 -28 93 
40 26 31 15 -28 -27 71 2 
122 234 84 251 71 258 72 257 
-64 -21 -31 26 -48 -43 -45 -30 
2874 4298 2750 4107 2711 4040 2518 3887 
481 103 460 182 469 154 476 167 
-551 876 -516 892 -586 937 -558 934 
159 -34 32 -37 69 -24 75 -7 
-31 110 4 126 2 99 -11 143 
4 -26 -10 -44 19 -48 71 -47 
99 194 58 266 36 239 -8 238 
-36 -1 -51 14 -96 -21 -48 -8 
2503 3764 2430 3668 2332 3489 2233 3413 
395 163 483 145 486 247 516 132 
-536 907 -551 920 -585 905 -495 868 
69 -48 44 0 75 -62 53 -51 
38 101 6 163 20 116 -21 144 
17 -56 0 -25 -8 -57 1 -33 
140 255 69 242 97 233 31 182 
-38 -43 -77 -33 -14 -19 -102 -40 
2142 3317 2160 3211 2124 3154 1993 3062 
446 165 395 120 465 168 482 202 
-594 921 -603 912 -555 903 -574 983 
69 44 85 -93 56 -52 63 -35 
4 67 -18 135 -15 73 2 79 
-13 -55 29 -43 48 -9 11 -58 
46 193 33 246 61 251 54 239 
-80 44 -74 28 -57 -29 -52 8 
1972 2983 1996 2927 1789 2841 1822 2767 
498 194 542 142 439 268 488 159 
-612 989 -627 929 -572 937 -607 1008 
99 -27 69 -52 91 -27 56 -43 
-21 108 -54 156 -6 65 -63 80 
45 -22 18 -8 10 -15 40 -17 
94 193 103 193 56 257 23 162 
-46 -12 -80 -17 -58 -18 -103 10 
1791 2722 1682 2674 1650 2613 1663 2526 
456 191 471 243 483 282 445 248 
-563 954 -557 948 -612 948 -637 962 
91 -21 113 -34 104 -73 103 -56 
-26 61 24 99 23 57 28 75 
6 6 38 -40 -7 -19 33 -21 
71 218 47 190 84 238 27 196 
-78 -34 -56 -33 -87 -52 -82 17 
1614 2539 1578 2439 1557 2449 1494 2383 
435 243 459 197 480 266 464 178 
-655 1013 -584 997 -643 1031 -634 966 
94 -60 70 -92 80 -28 18 16 
16 108 6 125 25 107 -28 72 
30 -33 -53 -63 7 -55 -9 -14 
75 217 22 287 55 213 68 216 
-3 -3 -15 -35 -73 -57 -25 -67 
1432 2286 1408 2283 1359 2221 1410 2154 
433 246 408 352 428 270 574 263 
-609 1011 -650 1061 -654 1052 -666 1034 
104 54 42 -127 54 -125 75 -94 
14 114 -12 141 44 72 7 139 
79 -3 27 -41 26 -52 -6 -33 
29 203 100 151 52 198 68 170 
-55 -71 -85 14 -99 0 -70 -55 
1390 2160 1342 2119 1306 2086 1343 1989 
494 250 554 256 453 279 399 232 
-685 988 -644 1054 -731 1023 -795 927 
72 -42 91 -50 40 -88 99 -57 
14 157 -21 137 -5 143 79 127 
25 -31 -3 -49 19 -78 56 -22 
69 168 64 212 71 201 99 201 
-85 -23 -6 -63 -65 -9 -80 -12 
1238 2019 1245 2017 1225 1953 1185 1937 
454 186 448 348 404 293 491 297 
-618 1115 -631 1146 -681 1100 -714 1093 
52 -93 61 -33 110 -56 71 -31 
1 124 -44 143 13 116 20 149 
60 -64 6 -91 76 73 13 8 
94 161 13 196 31 200 18 205 
-97 -16 -116 -58 -39 -31 -44 8 
1111 1868 1166 1899 1149 1832 1136 1865 
427 351 503 244 491 324 490 269 
-705 1140 -719 1165 -643 1126 -726 1139 
83 -20 97 -81 92 2 101 -16 
-52 103 -10 126 5 120 2 91 
10 38 52 -51 23 -37 -18 -3 
69 180 15 169 89 202 34 203 
-34 13 -88 -12 -103 13 -122 -31 
1096 1805 1062 1808 1049 1752 1006 1727 
427 331 453 442 438 444 545 328 
-717 1089 -698 1175 -730 1160 -675 1187 
83 -47 38 -75 68 -54 67 -38 
-9 57 6 95 -16 158 -72 172 
7 22 -12 -36 26 -5 20 -44 
101 167 38 115 52 158 21 125 
-82 -44 -15 -60 -65 -31 -36 -25 
1037 1679 1010 1695 990 1656 982 1596 
474 355 495 273 473 348 555 265 
-715 1180 -739 1228 -754 1196 -734 1213 
67 -78 107 -39 77 -21 72 -48 
-4 127 20 125 9 189 0 121 
-44 -20 -2 -23 18 19 28 -22 
61 226 49 146 76 132 88 147 
-96 -31 -118 -72 -30 -50 7 57 
946 1607 994 1601 949 1635 930 1523 
455 267 447 512 413 522 583 447 
-769 1241 -796 1268 -764 1205 -781 1277 
43 -2 71 -71 65 -56 67 -34 
5 119 -54 146 -31 170 -46 110 
-16 13 -40 -87 -9 -18 -3 10 
47 157 58 122 48 179 51 151 
-50 -61 -22 -68 -36 -15 -54 -7 
925 1547 880 1472 887 1438 872 1490 
445 520 621 376 598 479 556 385 
-807 1289 -830 1230 -825 1300 -824 1279 
81 -65 62 -54 31 -68 -90 -82 
-47 163 -25 127 -78 129 -86 143 
59 -45 2 -45 63 -59 19 -57 
9 133 22 116 9 232 50 177 
-18 0 -33 -35 -22 -67 -65 -19 
881 1455 873 1463 818 1411 856 1465 
440 388 495 836 466 808 794 772 
-762 1313 -882 1326 -851 1246 -828 1326 
227 35 131 -26 107 -9 66 -34 
-23 176 -29 115 -44 165 -32 164 
21 -58 -18 -30 34 -17 -1 -8 
38 167 56 158 67 146 44 130 
-78 -42 -32 -93 -86 -22 -27 -34 
859 1404 859 1285 788 1407 824 1340 
588 579 841 327 783 882 568 179 
