15 -50 93 15 17 105 -108 139 
-54 138 76 77 60 -3 -22 -71 
-22 -119 -17 -111 -42 -95 18 -38 
97 1 14 64 -109 100 -50 126 
75 108 55 49 -19 -25 -15 -111 
-20 -139 -48 -137 21 -64 101 3 
11 80 -110 110 -46 114 73 89 
49 40 -15 -2 -9 -68 -24 -101 
-54 -133 25 -101 104 -50 7 40 
-110 111 -41 144 70 128 44 58 
-11 -9 -3 -84 -29 -104 -58 -117 
28 -81 106 -47 3 10 -110 66 
-37 109 67 134 39 100 -6 45 
1 -52 -33 -111 -63 -150 33 -116 
108 -57 0 19 -108 81 -33 105 
63 114 34 79 -1 50 6 -16 
-38 -64 -67 -121 37 -130 109 -103 
-3 -33 -106 57 -29 117 59 149 
29 107 3 54 11 -29 -43 -75 
-70 -110 41 -106 110 -84 -7 -46 
-104 17 -25 68 54 128 25 128 
9 105 15 19 -49 -59 -73 -127 
45 -142 110 -105 -10 -46 -101 32 
-21 73 49 112 21 100 15 90 
18 39 -54 -13 -75 -80 50 -128 
109 -132 -14 -99 -97 -9 -18 63 
43 135 17 133 21 105 22 33 
-60 -28 -76 -78 54 -107 108 -102 
-17 -91 -93 -36 -15 13 37 91 
14 127 28 138 24 87 -65 6 
-77 -74 58 -134 106 -129 -20 -101 
-88 -25 -13 25 30 83 12 100 
34 109 26 86 -71 39 -77 -20 
62 -97 104 -130 -22 -140 -83 -76 
-10 -4 23 87 10 128 41 131 
27 90 -76 24 -77 -27 65 -83 
101 -98 -25 -115 -78 -81 -9 -43 
16 33 8 97 48 139 28 135 
-81 71 -76 -4 68 -94 97 -124 
-26 -132 -72 -78 -8 -27 9 35 
7 78 55 103 28 114 -86 82 
-75 42 71 -42 94 -99 -28 -148 
-66 -125 -7 -70 2 18 7 94 
61 126 28 126 -91 73 -73 28 
73 -40 89 -72 -28 -111 -59 -109 
-7 -89 -4 -33 7 45 68 107 
27 150 -95 119 -70 66 75 -31 
85 -91 -28 -131 -53 -115 -8 -74 
-11 -22 8 37 74 73 26 114 
-99 108 -67 93 76 22 80 -46 
-28 -120 -46 -146 -9 -119 -18 -55 
9 37 79 92 24 132 -102 106 
-64 77 77 14 74 -31 -27 -81 
-39 -112 -10 -113 -25 -91 11 -16 
85 51 22 130 -105 141 -60 120 
77 40 69 -37 -26 -99 -33 -125 
-12 -104 -32 -74 13 -11 90 28 
19 88 -107 109 -57 122 77 83 
64 16 -23 -63 -26 -132 -15 -141 
-38 -115 16 -29 94 38 16 106 
-109 116 -53 107 76 66 58 15 
-21 -32 -19 -90 -18 -112 -45 -127 
19 -75 98 -15 13 78 -110 130 
-48 145 74 103 53 25 -17 -44 
-13 -106 -22 -111 -50 -108 22 -59 
102 -21 9 41 -110 87 -44 122 
72 124 47 74 -14 6 -7 -87 
-26 -130 -55 -147 26 -90 105 -24 
6 54 -110 100 -40 113 69 103 
42 60 -9 22 -1 -46 -30 -86 
-60 -132 30 -118 107 -76 2 7 
-109 89 -36 136 66 142 37 82 
-5 20 3 -61 -35 -93 -64 -117 
34 -95 109 -66 -1 -15 -108 45 
-31 93 62 135 32 116 0 75 
8 -20 -40 -90 -68 -144 38 -131 
110 -81 -5 -10 -106 60 -27 93 
57 116 27 91 5 70 12 8 
-45 -42 -71 -105 43 -133 110 -120 
-8 -65 -103 27 -24 95 52 147 
23 122 11 80 16 -1 -51 -55 
-73 -98 47 -110 110 -95 -12 -69 
-100 -7 -20 44 47 115 19 131 
17 124 20 51 -56 -29 -75 -106 
51 -142 109 -119 -15 -73 -96 6 
-17 52 41 102 16 103 24 102 
23 62 -62 10 -77 -54 55 -117 
108 -135 -18 -122 -91 -41 -14 33 
34 116 13 134 30 120 25 61 
-67 -4 -77 -56 59 -99 106 -103 
-21 -105 -87 -58 -12 -13 28 67 
11 117 37 143 27 112 -73 37 
-77 -43 63 -120 103 -131 -23 -118 
-81 -50 -10 1 21 63 9 92 
44 109 28 102 -78 60 -77 8 
66 -74 100 -119 -25 -148 -76 -101 
-8 -35 14 57 8 116 50 133 
28 109 -83 47 -76 -2 69 -65 
96 -88 -27 -116 -70 -97 -7 -66 
7 2 7 76 57 128 28 146 
-88 95 -74 28 72 -68 92 -112 
-28 -135 -63 -98 -7 -50 0 9 
7 61 64 92 28 118 -92 97 
-72 67 74 -13 88 -77 -28 -139 
-57 -139 -7 -95 -7 -15 7 70 
70 114 27 133 -96 90 -69 51 
76 -15 83 -55 -28 -100 -50 -114 
-8 -103 -14 -61 8 17 76 84 
25 146 -100 133 -66 93 77 1 
78 -68 -28 -120 -44 -123 -9 -90 
-21 -47 10 15 81 54 23 106 
-103 112 -63 110 77 51 73 -18 
-27 -97 -37 -144 -11 -133 -28 -85 
12 7 87 69 21 124 -106 114 
-59 93 77 39 67 -10 -25 -60 
-30 -105 -13 -116 -34 -111 14 -44 
92 21 18 110 -108 140 -55 135 
77 71 62 -9 -23 -76 -24 -120 
-16 -110 -41 -92 17 -34 96 5 
15 69 -109 102 -51 126 75 104 
56 44 -20 -32 -17 -115 -19 -140 
-47 -134 20 -58 100 9 12 85 
-110 112 -47 113 73 85 51 37 
-16 -7 -11 -72 -23 -103 -52 -133 
24 -98 103 -44 8 47 -110 115 
-43 145 71 124 45 52 -12 -15 
-5 -89 -27 -106 -57 -116 27 -78 
106 -43 4 15 -110 70 -38 112 
68 133 40 96 -8 39 0 -59 
-32 -115 -62 -150 31 -112 108 -52 
1 26 -109 84 -34 107 64 112 
35 76 -3 45 5 -21 -37 -68 
-66 -123 36 -128 109 -99 -2 -26 
-107 63 -30 121 60 149 30 103 
1 49 10 -35 -42 -78 -69 -112 
40 -105 110 -81 -6 -41 -105 21 
-26 73 55 130 26 126 7 100 
14 12 -47 -64 -72 -131 44 -140 
110 -101 -10 -40 -102 37 -22 77 
50 113 22 99 13 87 18 34 
-53 -18 -74 -85 48 -130 110 -130 
-13 -94 -98 -3 -19 69 44 137 
18 131 19 101 21 27 -58 -33 
-76 -81 53 -108 109 -101 -16 -88 
-94 -31 -16 18 38 96 15 128 
26 137 23 81 -64 0 -77 -80 
57 -136 107 -128 -19 -96 -90 -19 
-13 30 32 87 12 101 33 108 
26 83 -69 34 -77 -26 61 -101 
105 -131 -22 -138 -85 -70 -11 2 
25 92 10 130 39 130 27 85 
-75 19 -77 -32 64 -86 102 -99 
-24 -114 -79 -78 -9 -38 18 39 
9 101 46 140 28 132 -80 65 
-76 -11 67 -99 98 -126 -26 -130 
-74 -74 -8 -23 11 40 8 80 
53 104 28 112 -85 79 -75 36 
70 -48 95 -103 -27 -149 -67 -122 
-7 -64 4 25 7 98 59 128 
28 124 -89 69 -73 23 73 -44 
90 -75 -28 -112 -61 -108 -7 -85 
-2 -27 7 51 66 111 28 151 
-94 116 -71 60 75 -38 86 -95 
-28 -132 -55 -112 -7 -70 -9 -16 
8 42 72 77 26 116 -98 107 
-68 90 76 16 81 -51 -28 -124 
-48 -145 -8 -115 -17 -48 9 43 
78 96 25 133 -101 104 -65 73 
77 9 76 -35 -27 -84 -41 -113 
-10 -112 -24 -86 10 -10 83 57 
22 133 -104 140 -61 116 77 33 
71 -43 -26 -103 -34 -125 -12 -102 
-30 -70 13 -7 89 33 20 91 
-106 110 -58 121 77 78 65 10 
-24 -70 -28 -135 -14 -140 -37 -110 
15 -22 93 43 17 110 -108 116 
-54 105 76 62 60 11 -22 -37 
-21 -93 -17 -114 -43 -125 18 -71 
97 -8 14 84 -109 132 -50 144 
75 98 54 19 -18 -50 -15 -109 
-21 -111 -49 -106 21 -55 101 -17 
10 46 -110 90 -45 123 73 121 
49 69 -15 0 -9 -92 -25 -132 
-54 -146 25 -85 104 -18 7 60 
-110 102 -41 113 70 101 43 56 
-11 17 -3 -50 -29 -90 -59 -133 
29 -115 106 -71 3 14 -109 94 
-37 138 67 140 38 78 -6 14 
2 -66 -34 -96 -63 -117 33 -92 
108 -62 0 -10 -108 49 -32 97 
63 136 33 113 -1 69 7 -27 
-39 -95 -67 -146 37 -129 110 -76 
-3 -4 -106 65 -28 96 58 116 
29 89 3 67 11 3 -44 -46 
-70 -109 41 -133 110 -117 -7 -59 
-104 34 -25 100 53 148 24 119 
9 75 15 -6 -49 -59 -73 -101 
46 -109 110 -93 -11 -64 -101 -2 
-21 49 48 118 20 131 15 120 
19 45 -55 -36 -75 -111 50 -143 
109 -117 -14 -68 -97 11 -18 57 
42 104 17 103 22 100 22 58 
-60 5 -76 -60 54 -120 108 -135 
-17 -117 -93 -34 -15 40 36 121 
14 134 28 118 24 55 -66 -9 
-77 -61 58 -101 106 -103 -20 -103 
-88 -54 -12 -7 30 72 12 119 
35 143 26 107 -71 30 -77 -50 
62 -123 104 -131 -23 -115 -83 -45 
-10 5 23 67 10 94 42 110 
27 99 -76 56 -77 2 65 -79 
101 -122 -25 -147 -77 -96 -9 -28 
16 64 8 119 49 133 28 106 
-82 43 -76 -7 68 -69 97 -91 
-26 -116 -71 -94 -8 -62 9 9 
7 80 55 131 28 145 -86 91 
-74 21 71 -73 93 -115 -28 -135 
-65 -94 -7 -46 1 14 7 65 
62 94 28 117 -91 94 -72 63 
73 -19 89 -82 -28 -142 -59 -136 
-7 -90 -5 -8 7 75 68 117 
27 132 -95 87 -70 47 75 -20 
84 -59 -28 -103 -52 -113 -8 -101 
-12 -56 8 23 74 89 26 147 
-99 130 -67 88 76 -5 79 -73 
-28 -123 -45 -122 -9 -87 -19 -42 
9 20 80 58 24 108 -102 111 
-64 107 77 45 74 -24 -27 -102 
-39 -145 -10 -130 -26 -79 11 13 
85 74 22 126 -105 112 -60 90 
77 34 69 -14 -25 -65 -32 -107 
-13 -116 -33 -107 13 -39 90 28 
19 114 -107 141 -56 133 77 64 
63 -15 -23 -81 -25 -122 -15 -109 
-39 -89 16 -29 95 10 16 73 
-109 104 -52 126 76 100 58 38 
-20 -39 -19 -119 -19 -141 -45 -130 
19 -52 99 15 13 90 -110 113 
-48 112 74 82 52 32 -17 -12 
-13 -76 -22 -106 -51 -132 23 -93 
102 -38 9 54 -110 118 -44 146 
72 120 47 47 -13 -21 -7 -92 
-26 -107 -56 -115 26 -74 105 -39 
5 20 -110 73 -39 115 69 132 
41 92 -9 32 -1 -65 -31 -119 
-61 -150 30 -108 107 -46 2 32 
-109 88 -35 108 65 111 36 73 
-4 41 3 -26 -35 -72 -65 -126 
34 -127 109 -95 -1 -19 -108 69 
-31 125 61 148 31 99 0 43 
8 -40 -40 -81 -68 -113 39 -103 
110 -79 -5 -36 -105 26 -27 78 
57 132 27 125 6 95 13 5 
-46 -70 -71 -134 43 -139 110 -98 
-9 -34 -103 42 -23 80 52 114 
23 98 12 84 17 29 -51 -23 
