56 -123 107 -109 -19 -86 -91 -26 
-14 13 33 76 13 105 32 125 
25 97 -68 34 -77 -43 60 -122 
105 -141 -21 -128 -86 -48 -11 19 
26 93 11 114 38 112 27 79 
-74 29 -77 -16 64 -78 102 -107 
-24 -131 -80 -90 -9 -34 19 58 
9 121 45 146 28 118 -79 43 
-76 -25 67 -95 99 -108 -26 -114 
-74 -71 -8 -35 12 24 8 76 
52 116 28 130 -84 89 -75 28 
70 -69 95 -121 -27 -150 -68 -105 
-7 -42 5 36 7 90 58 110 
28 110 -89 71 -73 37 72 -30 
91 -75 -28 -127 -62 -125 -7 -92 
-1 -14 7 73 65 127 28 147 
-93 97 -71 39 74 -44 87 -84 
-28 -114 -56 -102 -7 -76 -8 -32 
8 30 71 81 27 133 -97 123 
-69 92 76 0 82 -74 -28 -136 
-49 -138 -8 -95 -15 -29 9 45 
77 83 25 115 -101 97 -65 82 
77 25 77 -26 -28 -92 -42 -132 
-10 -127 -22 -84 10 7 83 79 
23 142 -104 129 -62 95 77 17 
71 -41 -26 -88 -35 -109 -11 -99 
-29 -82 12 -22 88 27 20 103 
-106 130 -58 133 77 71 66 -10 
-24 -90 -29 -139 -14 -126 -36 -89 
15 -10 92 38 18 93 -108 102 
-54 107 76 76 60 26 -22 -36 
-22 -107 -17 -133 -42 -133 18 -60 
97 13 14 101 -109 132 -50 127 
75 77 55 11 -19 -41 -16 -92 
-20 -101 -48 -111 21 -71 100 -29 
11 49 -110 107 -46 142 73 125 
49 56 -15 -22 -10 -107 -24 -128 
-53 -127 24 -66 104 -14 7 48 
-110 85 -42 107 70 109 44 73 
-11 26 -4 -57 -28 -109 -58 -150 
28 -115 106 -54 4 36 -110 105 
-37 130 67 119 39 62 -7 14 
1 -52 -33 -80 -63 -114 32 -104 
108 -79 0 -16 -108 60 -33 118 
63 150 34 109 -2 49 6 -48 
-38 -102 -66 -134 36 -108 109 -64 
-3 -7 -107 49 -29 82 59 117 
29 104 3 82 10 6 -43 -61 
-70 -130 41 -144 110 -109 -7 -37 
-104 53 -25 103 54 133 25 100 
8 66 15 0 -48 -42 -72 -90 
45 -114 110 -110 -10 -78 -101 0 
-22 67 49 138 21 138 14 109 
18 22 -54 -52 -75 -110 49 -125 
110 -99 -14 -62 -98 1 -18 40 
43 97 17 111 21 118 21 69 
-59 0 -76 -80 53 -139 108 -138 
-17 -102 -93 -12 -15 53 37 115 
14 116 27 102 24 54 -65 3 
-77 -46 57 -97 106 -115 -20 -120 
-89 -62 -13 1 31 93 12 136 
34 142 26 89 -70 9 -77 -59 
61 -114 104 -112 -22 -102 -84 -48 
-11 -9 24 54 10 94 41 125 
27 116 -76 61 -77 -11 65 -101 
101 -136 -24 -142 -78 -76 -9 -9 
17 69 8 106 47 114 28 96 
-81 49 -76 8 68 -58 98 -95 
-26 -133 -72 -109 -8 -62 10 25 
7 102 54 141 28 135 -86 69 
-75 4 71 -74 94 -100 -27 -117 
-66 -88 -7 -56 3 -1 7 57 
61 103 28 135 -90 108 -73 59 
73 -38 90 -102 -28 -148 -60 -124 
-7 -68 -4 6 7 72 67 100 
27 116 -95 85 -70 59 75 -5 
85 -54 -28 -115 -53 -132 -8 -111 
-11 -48 8 44 73 108 26 149 
-98 115 -67 66 76 -16 80 -66 
-28 -105 -46 -108 -9 -89 -18 -56 
9 6 79 58 24 123 -102 130 
-64 114 77 33 75 -46 -27 -119 
-40 -143 -10 -112 -25 -58 11 20 
84 64 22 108 -105 102 -61 96 
77 50 69 -2 -26 -69 -33 -124 
-12 -134 -32 -110 13 -24 90 50 
19 127 -107 134 -57 113 77 46 
64 -18 -24 -68 -26 -104 -15 -103 
-38 -98 16 -46 94 1 16 81 
-109 123 -53 141 76 99 58 20 
-21 -61 -20 -128 -18 -131 -44 -109 
19 -37 98 14 13 75 -110 97 
-49 110 74 94 53 49 -18 -7 
-14 -87 -22 -126 -50 -145 22 -88 
102 -18 10 74 -110 123 -44 133 
72 99 47 35 -14 -16 -7 -76 
-26 -94 -55 -116 26 -89 105 -54 
6 19 -110 88 -40 135 69 141 
42 82 -10 10 -2 -83 -30 -119 
-60 -134 30 -88 107 -38 2 23 
-109 71 -36 98 66 116 37 89 
-5 54 3 -29 -35 -89 -64 -145 
34 -132 109 -82 0 3 -108 84 
-32 121 62 130 32 81 0 39 
8 -29 -40 -65 -68 -106 38 -112 
110 -96 -4 -46 -106 33 -28 97 
57 149 28 126 5 79 12 -17 
-45 -81 -71 -127 42 -119 110 -82 
-8 -33 -103 28 -24 65 52 111 
23 110 11 102 16 35 -50 -33 
-73 -110 47 -146 110 -126 -12 -69 
-100 24 -20 83 47 129 20 110 
17 85 19 25 -56 -22 -75 -72 
51 -110 109 -115 -15 -100 -96 -29 
-17 38 41 122 16 141 23 128 
22 54 -61 -25 -76 -90 55 -124 
108 -107 -18 -83 -92 -21 -14 18 
35 80 13 107 30 125 25 93 
-67 29 -77 -50 59 -125 106 -141 
-21 -124 -87 -42 -12 25 28 97 
11 115 36 110 26 75 -72 25 
-77 -21 63 -82 103 -109 -23 -130 
-82 -86 -10 -28 21 64 9 124 
43 146 28 113 -78 37 -77 -31 
66 -99 100 -109 -25 -112 -76 -68 
-8 -31 14 29 8 79 50 118 
28 129 -83 85 -76 21 69 -75 
96 -124 -27 -150 -70 -100 -7 -37 
7 42 7 93 57 111 28 108 
-87 67 -74 33 72 -35 92 -79 
-28 -129 -64 -123 -7 -87 0 -7 
7 78 63 130 28 146 -92 92 
-72 33 74 -50 88 -87 -28 -115 
-57 -100 -7 -73 -6 -27 7 34 
69 85 27 134 -96 121 -69 87 
75 -5 83 -79 -28 -139 -51 -136 
-8 -91 -13 -23 8 50 75 86 
25 116 -100 95 -66 79 77 20 
78 -31 -28 -97 -44 -132 -9 -125 
-21 -78 10 13 81 84 23 144 
-103 127 -63 90 77 12 73 -45 
-27 -91 -37 -110 -11 -98 -27 -78 
12 -18 86 33 21 107 -105 130 
-59 130 77 65 67 -16 -25 -95 
-31 -140 -13 -124 -34 -84 14 -5 
91 42 18 96 -107 103 -55 105 
77 72 62 21 -23 -42 -24 -111 
-16 -134 -40 -130 17 -54 96 19 
15 106 -109 133 -51 125 75 72 
56 6 -20 -46 -18 -94 -19 -102 
-46 -110 20 -67 99 -24 12 54 
-110 110 -47 143 74 122 51 50 
-16 -29 -11 -111 -23 -129 -52 -124 
23 -61 103 -9 8 53 -110 88 
-43 108 71 107 46 69 -13 21 
-5 -63 -27 -112 -57 -150 27 -111 
106 -48 5 43 -110 109 -39 131 
68 117 40 57 -8 9 0 -56 
-32 -83 -61 -115 31 -102 108 -75 
1 -10 -109 65 -34 121 65 149 
35 105 -3 43 4 -54 -36 -105 
-65 -135 35 -105 109 -60 -2 -2 
-107 53 -30 85 60 117 30 102 
1 78 9 0 -42 -66 -69 -133 
40 -143 110 -105 -6 -30 -105 58 
-26 107 56 133 26 97 7 61 
14 -4 -47 -46 -72 -94 44 -114 
110 -108 -9 -73 -102 4 -22 72 
50 141 22 137 13 104 17 15 
-52 -57 -74 -113 48 -125 110 -96 
-13 -57 -99 5 -19 45 45 100 
18 112 19 116 21 63 -58 -5 
-76 -85 52 -141 109 -137 -16 -97 
-95 -6 -16 58 39 118 15 115 
26 99 23 49 -63 0 -77 -50 
56 -100 107 -116 -19 -118 -90 -57 
-13 8 32 99 13 137 32 140 
25 83 -69 3 -77 -65 60 -116 
105 -111 -22 -99 -85 -44 -11 -4 
26 59 10 97 39 125 27 113 
-74 56 -77 -17 64 -106 102 -137 
-24 -140 -80 -70 -9 -3 19 74 
9 108 46 114 28 93 -79 46 
-76 3 67 -63 99 -98 -26 -134 
-74 -106 -8 -57 12 32 8 106 
52 143 28 132 -84 64 -75 -1 
70 -79 95 -102 -27 -117 -68 -85 
-7 -52 5 3 7 61 59 106 
28 135 -89 104 -73 53 72 -45 
91 -107 -28 -149 -62 -120 -7 -63 
-2 12 7 76 65 102 28 115 
-93 82 -71 55 74 -10 86 -59 
-28 -118 -55 -131 -7 -108 -9 -41 
8 50 72 112 26 149 -97 111 
-68 61 76 -22 81 -70 -28 -107 
-48 -107 -8 -87 -16 -52 9 11 
77 63 25 125 -101 129 -65 110 
77 27 76 -52 -27 -123 -42 -142 
-10 -109 -23 -53 10 26 83 68 
23 110 -104 101 -62 94 77 45 
71 -7 -26 -74 -35 -126 -12 -133 
-30 -105 12 -17 88 56 20 131 
-106 134 -58 109 77 40 65 -22 
-24 -73 -28 -106 -14 -103 -36 -95 
15 -41 93 6 17 86 -108 125 
-54 140 76 93 60 14 -22 -67 
-22 -131 -17 -130 -43 -105 18 -31 
97 19 14 79 -109 98 -50 110 
75 91 54 44 -19 -13 -15 -92 
-21 -128 -48 -143 21 -82 101 -11 
11 80 -110 126 -46 132 73 95 
49 30 -15 -21 -9 -79 -24 -96 
-54 -116 25 -86 104 -49 7 25 
-110 92 -41 137 70 138 44 77 
-11 3 -3 -88 -29 -122 -59 -133 
29 -83 106 -33 3 28 -110 74 
-37 100 67 115 38 87 -6 48 
1 -35 -33 -94 -63 -147 33 -129 
108 -76 0 10 -108 88 -33 124 
63 128 33 77 -1 34 6 -34 
-38 -68 -67 -109 37 -111 109 -93 
-3 -40 -106 39 -29 102 59 150 
29 123 3 73 11 -23 -43 -86 
-70 -129 41 -117 110 -78 -7 -28 
-104 32 -25 69 54 113 25 109 
9 98 15 29 -49 -39 -73 -115 
45 -146 110 -123 -11 -62 -101 30 
-21 87 48 130 21 108 15 81 
19 20 -54 -26 -75 -76 50 -111 
109 -115 -14 -96 -97 -23 -18 44 
43 126 17 141 21 124 22 47 
-60 -30 -76 -94 54 -124 108 -106 
-17 -79 -93 -17 -15 22 37 84 
14 108 28 124 24 88 -65 23 
-77 -56 58 -129 106 -141 -20 -120 
-88 -36 -12 31 30 101 12 115 
35 109 26 71 -71 21 -77 -26 
62 -86 104 -111 -23 -129 -83 -81 
-10 -22 23 71 10 127 41 146 
27 109 -76 32 -77 -37 65 -102 
101 -110 -25 -111 -78 -64 -9 -27 
16 34 8 83 48 120 28 127 
-81 80 -76 14 68 -81 97 -127 
-26 -149 -72 -96 -8 -31 9 47 
7 96 55 112 28 106 -86 64 
-75 28 71 -40 94 -82 -28 -130 
-66 -121 -7 -82 2 0 7 83 
61 133 28 144 -91 88 -73 27 
73 -55 89 -90 -28 -116 -59 -98 
-7 -70 -4 -22 7 39 68 89 
27 135 -95 119 -70 81 75 -12 
85 -84 -28 -141 -53 -134 -8 -86 
-12 -17 8 55 74 89 26 116 
-99 94 -67 75 76 15 80 -36 
-28 -101 -46 -133 -9 -123 -19 -72 
9 20 80 89 24 145 -102 125 
