73 -50 90 -108 -28 -144 -60 -113 
-7 -60 -3 6 7 64 67 92 
27 114 -94 91 -71 68 75 -2 
85 -60 -28 -125 -54 -139 -7 -109 
-10 -37 8 55 73 111 26 143 
-98 104 -68 60 76 -14 80 -58 
-28 -98 -47 -109 -8 -97 -17 -64 
9 4 79 65 24 133 -101 135 
-65 110 77 22 75 -55 -27 -120 
-40 -135 -10 -102 -24 -53 11 16 
84 55 22 102 -104 105 -61 105 
77 56 70 -3 -26 -78 -33 -134 
-12 -137 -31 -103 13 -12 89 58 
20 126 -107 125 -57 103 77 43 
64 -12 -24 -60 -27 -100 -15 -107 
-38 -107 15 -52 94 4 17 91 
-108 132 -53 143 76 91 59 9 
-21 -67 -20 -125 -18 -121 -44 -101 
18 -36 98 7 13 67 -110 95 
-49 116 74 103 53 53 -18 -13 
-14 -98 -21 -134 -49 -144 22 -78 
101 -7 10 79 -110 118 -45 123 
72 92 48 36 -14 -8 -8 -69 
-25 -94 -55 -124 25 -97 104 -56 
6 26 -110 99 -40 142 70 138 
43 72 -10 0 -2 -85 -30 -113 
-59 -124 29 -82 107 -41 3 15 
-109 65 -36 101 66 125 37 97 
-5 54 2 -38 -34 -100 -64 -150 
33 -127 109 -70 0 12 -108 84 
-32 114 62 120 33 78 0 44 
7 -20 -39 -61 -67 -111 38 -121 
110 -103 -4 -44 -106 43 -28 108 
58 152 28 119 4 67 12 -24 
-44 -79 -71 -118 42 -111 110 -81 
-8 -40 -103 20 -24 63 53 117 
24 120 10 107 16 31 -50 -44 
-73 -120 46 -147 110 -117 -11 -57 
-100 29 -21 79 47 120 20 103 
16 86 19 33 -55 -14 -75 -72 
51 -117 109 -125 -15 -104 -96 -23 
-17 49 42 130 17 140 23 118 
22 43 -61 -28 -76 -84 55 -114 
108 -102 -18 -86 -92 -30 -14 12 
35 82 14 115 29 133 25 94 
-66 21 -77 -61 59 -132 106 -138 
-21 -114 -87 -33 -12 26 29 90 
11 106 36 107 26 80 -72 34 
-77 -17 62 -86 103 -119 -23 -138 
-82 -85 -10 -19 22 76 9 128 
43 141 28 102 -77 29 -77 -30 
66 -91 100 -101 -25 -111 -77 -74 
-9 -40 15 27 8 85 49 129 
28 135 -82 81 -76 10 69 -85 
97 -126 -27 -142 -71 -89 -8 -31 
8 39 7 85 56 104 28 109 
-87 75 -74 40 71 -34 93 -86 
-28 -139 -64 -128 -7 -82 0 3 
7 87 63 130 28 137 -92 82 
-72 29 74 -45 88 -78 -28 -110 
-58 -103 -7 -82 -6 -34 7 36 
69 94 27 143 -96 124 -70 79 
75 -17 84 -86 -28 -137 -51 -126 
-8 -81 -13 -21 8 44 75 78 
26 112 -99 100 -67 87 77 25 
79 -35 -28 -107 -45 -141 -9 -126 
-20 -69 10 25 81 90 24 139 
-103 117 -63 82 77 12 73 -38 
-27 -83 -38 -108 -11 -105 -27 -86 
11 -21 86 38 21 118 -105 138 
-60 129 77 55 68 -27 -25 -99 
-31 -134 -13 -114 -34 -77 14 -7 
91 34 19 89 -107 103 -56 113 
77 80 62 23 -23 -49 -24 -121 
-16 -140 -40 -126 16 -43 95 29 
16 108 -109 125 -52 115 76 67 
57 10 -20 -37 -18 -89 -19 -104 
-46 -118 20 -75 99 -24 12 63 
-110 121 -47 147 74 115 51 38 
-17 -37 -12 -110 -23 -120 -51 -115 
23 -59 103 -15 9 44 -110 84 
-43 112 71 116 46 75 -13 18 
-6 -73 -27 -122 -56 -151 27 -103 
105 -37 5 50 -110 106 -39 122 
68 108 41 57 -8 16 0 -48 
-31 -81 -61 -122 31 -111 107 -80 
1 -5 -109 76 -35 130 65 149 
36 96 -4 31 4 -59 -36 -100 
-65 -125 35 -98 109 -61 -2 -10 
-107 46 -30 86 61 125 31 111 
1 80 9 -6 -41 -77 -69 -141 
39 -140 110 -95 -5 -20 -105 61 
-27 100 56 124 26 92 6 65 
13 3 -46 -41 -72 -96 44 -123 
110 -116 -9 -73 -102 13 -23 84 
51 146 22 132 12 93 17 6 
-52 -58 -74 -106 48 -116 110 -93 
-12 -63 -99 -2 -19 41 45 104 
19 121 19 123 20 61 -57 -15 
-76 -96 52 -144 109 -130 -16 -85 
-95 1 -16 56 39 110 15 107 
25 98 23 56 -63 7 -77 -48 
56 -106 107 -126 -19 -123 -90 -53 
-14 19 33 108 13 138 32 132 
25 72 -68 -1 -77 -61 60 -107 
105 -105 -21 -100 -86 -51 -11 -12 
26 59 11 105 38 135 27 116 
-74 50 -77 -29 64 -114 102 -136 
-24 -131 -80 -60 -9 0 19 69 
9 99 45 109 28 96 -79 54 
-76 9 67 -65 99 -107 -26 -143 
-74 -107 -8 -49 12 44 8 113 
52 140 28 122 -84 55 -75 -3 
70 -72 95 -93 -27 -114 -68 -90 
-7 -61 5 0 7 65 58 116 
28 143 -89 104 -73 43 72 -56 
91 -111 -28 -144 -62 -109 -7 -55 
-1 11 7 68 65 95 28 114 
-93 89 -71 64 74 -7 87 -65 
-28 -128 -55 -138 -7 -105 -8 -30 
8 61 71 115 27 143 -97 100 
-69 55 76 -20 82 -61 -28 -101 
-49 -108 -8 -95 -16 -60 9 10 
77 71 25 136 -101 134 -65 105 
77 15 77 -61 -28 -123 -42 -134 
-10 -99 -23 -48 10 21 83 59 
23 105 -104 104 -62 102 77 51 
71 -8 -26 -83 -35 -136 -11 -136 
-29 -98 12 -5 88 64 20 129 
-106 124 -58 100 77 38 66 -16 
-24 -64 -29 -102 -14 -108 -36 -104 
15 -47 93 10 17 96 -108 134 
-54 141 76 85 60 2 -22 -73 
-22 -127 -17 -120 -42 -97 18 -31 
97 11 14 71 -109 97 -50 116 
75 99 55 48 -19 -19 -16 -103 
-20 -136 -48 -142 21 -72 100 0 
11 84 -110 120 -46 122 73 89 
49 32 -15 -13 -10 -72 -24 -96 
-53 -124 24 -94 104 -51 7 33 
-110 103 -42 143 70 135 44 66 
-11 -6 -4 -90 -28 -114 -58 -123 
28 -79 106 -37 4 20 -110 68 
-37 103 67 124 39 94 -7 48 
1 -44 -33 -105 -63 -151 32 -123 
108 -65 0 18 -108 88 -33 115 
63 119 34 75 -2 39 6 -25 
-38 -64 -66 -113 36 -120 109 -99 
-3 -37 -107 49 -29 112 59 152 
29 116 3 61 10 -30 -43 -83 
-70 -120 41 -109 110 -78 -7 -35 
-104 24 -25 67 54 119 25 119 
8 103 15 25 -48 -50 -73 -124 
45 -146 110 -114 -10 -51 -101 35 
-21 83 49 121 21 102 15 83 
18 28 -54 -19 -75 -76 49 -119 
110 -124 -14 -99 -98 -17 -18 56 
43 133 17 139 21 114 21 37 
-59 -33 -76 -88 54 -115 108 -101 
-17 -82 -93 -25 -15 17 37 86 
14 117 27 132 24 89 -65 14 
-77 -68 58 -135 106 -137 -20 -109 
-89 -27 -13 32 31 94 12 106 
34 106 26 76 -70 29 -77 -22 
61 -90 104 -121 -22 -136 -84 -80 
-11 -12 24 82 10 131 41 140 
27 98 -76 24 -77 -36 65 -94 
101 -102 -25 -110 -78 -71 -9 -35 
17 32 8 89 48 130 28 132 
-81 76 -76 3 68 -91 98 -129 
-26 -141 -72 -85 -8 -25 10 44 
7 87 54 105 28 107 -86 72 
-75 35 71 -40 94 -90 -27 -141 
-66 -125 -7 -77 2 10 7 92 
61 132 28 135 -90 78 -73 24 
73 -50 90 -81 -28 -111 -60 -101 
-7 -79 -4 -28 7 41 67 98 
27 144 -95 121 -70 74 75 -24 
85 -91 -28 -139 -53 -124 -8 -77 
-11 -16 8 48 73 81 26 113 
-98 99 -67 84 76 19 80 -40 
-28 -111 -46 -141 -9 -123 -18 -63 
9 31 79 95 24 141 -102 114 
-64 78 77 6 75 -42 -27 -87 
-40 -109 -10 -104 -25 -82 11 -16 
85 44 22 121 -105 138 -61 125 
77 48 69 -33 -26 -104 -33 -135 
-12 -112 -32 -73 13 -2 90 38 
19 92 -107 104 -57 112 77 76 
64 17 -24 -56 -26 -125 -15 -140 
-38 -122 16 -37 94 35 16 112 
-109 126 -53 113 76 63 58 5 
-21 -42 -20 -91 -18 -105 -44 -117 
19 -70 98 -18 13 69 -110 124 
-49 146 74 111 53 32 -18 -44 
-13 -114 -22 -121 -50 -113 22 -54 
102 -11 10 49 -110 86 -44 114 
72 114 47 71 -14 11 -7 -78 
-26 -125 -55 -151 26 -98 105 -31 
6 56 -110 109 -40 122 69 105 
42 53 -10 11 -2 -52 -30 -84 
-60 -123 30 -109 107 -75 2 0 
-109 81 -36 133 66 147 37 91 
-5 25 3 -65 -35 -103 -64 -125 
34 -95 109 -57 -1 -5 -108 50 
-32 89 62 126 32 109 0 75 
8 -13 -40 -82 -68 -143 38 -138 
110 -90 -4 -13 -106 66 -28 103 
57 123 28 89 5 61 12 -1 
-45 -45 -71 -100 42 -123 110 -114 
-8 -67 -103 19 -24 89 52 148 
23 130 11 88 16 0 -50 -62 
-73 -109 47 -115 110 -91 -12 -58 
-100 1 -20 45 47 107 20 122 
17 120 19 55 -56 -21 -75 -101 
51 -145 109 -128 -15 -80 -96 7 
-17 61 41 112 16 107 23 96 
22 51 -61 3 -77 -53 55 -109 
108 -126 -18 -120 -92 -47 -14 25 
35 113 13 139 30 130 25 66 
-67 -7 -77 -66 59 -109 106 -104 
-21 -98 -87 -47 -12 -7 28 64 
11 107 37 136 27 112 -72 44 
-77 -36 63 -118 103 -137 -23 -127 
-82 -55 -10 5 21 74 9 100 
43 109 28 93 -78 50 -77 4 
66 -69 100 -110 -25 -143 -76 -103 
-8 -43 14 51 8 116 50 141 
28 118 -83 50 -76 -9 69 -76 
96 -95 -27 -114 -70 -87 -7 -57 
7 4 7 69 57 119 28 142 
-87 99 -74 36 72 -62 92 -115 
-28 -144 -64 -105 -7 -50 0 17 
7 72 63 97 28 113 -92 87 
-72 59 74 -13 88 -69 -28 -131 
-57 -136 -7 -101 -6 -23 7 66 
69 119 27 142 -96 97 -69 50 
75 -25 83 -65 -28 -103 -51 -108 
-8 -93 -14 -55 8 15 75 76 
25 138 -100 132 -66 100 77 8 
78 -66 -28 -127 -44 -133 -9 -95 
-21 -43 10 26 81 63 23 106 
-103 104 -63 100 77 46 73 -14 
-27 -88 -37 -138 -11 -134 -27 -92 
12 0 86 70 21 132 -105 123 
-59 97 77 33 67 -20 -25 -68 
-30 -104 -13 -108 -34 -101 14 -42 
91 16 18 101 -108 135 -55 139 
77 79 62 -3 -23 -79 -24 -129 
-16 -119 -40 -94 17 -26 96 16 
15 75 -109 99 -51 116 75 96 
56 43 -20 -25 -17 -107 -19 -137 
-46 -139 20 -67 100 5 12 89 
-110 121 -47 121 74 85 51 28 
-16 -18 -11 -76 -23 -98 -52 -123 
23 -91 103 -45 8 39 -110 107 
