64 112 35 84 -3 56 5 -17 
-37 -72 -66 -133 36 -135 109 -97 
-2 -18 -107 70 -30 121 60 142 
30 95 2 46 10 -29 -42 -68 
-69 -105 40 -107 110 -91 -6 -51 
-105 19 -26 79 55 139 26 131 
8 97 14 4 -47 -70 -72 -129 
44 -132 110 -93 -10 -39 -102 29 
-22 66 50 108 22 103 14 98 
18 42 -53 -18 -74 -92 49 -139 
110 -133 -13 -89 -98 4 -19 73 
44 134 18 122 20 94 21 29 
-58 -24 -76 -71 53 -105 109 -107 
-16 -98 -94 -38 -16 20 38 104 
15 136 26 137 24 75 -64 -7 
-77 -83 57 -130 107 -119 -19 -91 
-89 -23 -13 20 32 78 12 100 
33 116 26 93 -69 39 -77 -30 
61 -110 104 -138 -22 -137 -84 -63 
-11 9 25 93 10 123 40 120 
27 82 -75 24 -77 -22 64 -79 
102 -100 -24 -122 -79 -88 -9 -42 
18 44 9 110 47 145 28 129 
-80 57 -76 -17 68 -98 98 -117 
-26 -121 -73 -72 -8 -30 11 29 
8 74 53 107 28 122 -85 88 
-75 38 70 -54 94 -111 -27 -152 
-67 -117 -7 -55 4 30 7 95 
60 118 28 116 -90 69 -73 31 
73 -33 90 -71 -28 -117 -61 -118 
-7 -93 -3 -26 7 58 66 119 
27 152 -94 109 -71 51 75 -41 
86 -90 -28 -123 -54 -106 -7 -72 
-10 -26 8 32 72 74 26 122 
-98 117 -68 95 76 14 81 -60 
-28 -131 -47 -145 -8 -108 -17 -40 
9 44 78 89 24 123 -101 99 
-65 77 77 19 76 -27 -27 -84 
-41 -121 -10 -122 -24 -90 11 -6 
84 66 22 139 -104 137 -61 108 
77 26 70 -42 -26 -95 -34 -116 
-12 -99 -31 -76 13 -17 89 25 
20 93 -107 119 -57 130 77 80 
65 4 -24 -78 -27 -139 -14 -135 
-37 -102 15 -17 93 40 17 100 
-108 107 -53 104 76 69 59 22 
-21 -31 -21 -96 -18 -123 -43 -132 
18 -71 98 -1 14 91 -110 134 
-49 138 75 89 54 15 -18 -45 
-14 -99 -21 -104 -49 -107 22 -64 
101 -27 10 42 -110 95 -45 133 
72 127 48 67 -15 -7 -8 -99 
-25 -132 -54 -138 25 -77 104 -16 
7 53 -110 92 -41 107 70 104 
43 66 -10 26 -3 -49 -29 -96 
-59 -142 29 -119 107 -67 3 22 
-109 100 -36 136 66 131 38 70 
-6 14 2 -58 -34 -86 -63 -113 
33 -97 108 -73 0 -18 -108 49 
-32 105 63 145 33 115 -1 63 
7 -35 -39 -99 -67 -142 37 -120 
110 -70 -4 -6 -106 56 -28 86 
58 114 28 96 4 77 11 10 
-44 -49 -70 -118 42 -141 110 -117 
-7 -52 -104 42 -24 102 53 142 
24 110 10 70 15 -2 -49 -49 
-73 -92 46 -109 110 -101 -11 -75 
-100 -6 -21 54 48 127 20 137 
16 119 19 37 -55 -43 -75 -111 
50 -135 109 -108 -14 -65 -97 5 
-18 46 42 97 17 105 22 109 
22 67 -60 8 -76 -65 54 -129 
108 -139 -18 -114 -92 -26 -15 45 
36 119 14 126 29 109 24 54 
-66 -2 -77 -50 58 -96 106 -107 
-20 -113 -88 -62 -12 -8 29 79 
11 128 35 145 26 102 -71 22 
-77 -54 62 -119 104 -121 -23 -108 
-83 -46 -10 -2 22 57 9 91 
42 115 28 109 -77 63 -77 1 
65 -87 100 -130 -25 -148 -77 -90 
-9 -20 15 66 8 113 49 123 
28 100 -82 46 -76 2 69 -60 
97 -89 -27 -124 -71 -104 -8 -67 
8 12 7 89 56 137 28 144 
-87 83 -74 14 71 -74 93 -108 
-28 -125 -65 -90 -7 -51 1 3 
7 56 62 95 28 126 -91 104 
-72 66 74 -24 89 -91 -28 -147 
-58 -134 -7 -82 -5 -2 7 74 
68 108 27 123 -95 85 -70 54 
75 -9 84 -52 -28 -105 -52 -123 
-8 -109 -12 -57 8 30 75 98 
26 150 -99 126 -67 79 76 -10 
79 -70 -28 -113 -45 -114 -9 -87 
-20 -50 9 9 80 53 24 112 
-102 121 -64 115 77 45 74 -31 
-27 -110 -38 -146 -11 -124 -26 -70 
11 17 86 69 21 116 -105 105 
-60 92 77 43 68 -4 -25 -62 
-32 -113 -13 -126 -33 -113 14 -36 
91 36 19 121 -107 140 -56 125 
77 57 63 -16 -23 -74 -25 -111 
-16 -104 -39 -93 16 -40 95 1 
16 72 -109 111 -52 135 76 105 
57 34 -20 -47 -18 -125 -19 -138 
-45 -122 19 -45 99 15 12 81 
-110 103 -48 109 74 88 52 43 
-17 -5 -12 -77 -22 -114 -51 -141 
23 -96 102 -32 9 62 -110 122 
-43 141 72 112 46 41 -13 -18 
-6 -83 -26 -98 -56 -113 27 -82 
105 -49 5 14 -110 77 -39 124 
69 139 41 92 -9 25 -1 -73 
-31 -120 -61 -144 31 -99 107 -42 
1 27 -109 78 -35 100 65 112 
36 82 -4 51 4 -22 -36 -77 
-65 -135 35 -133 109 -93 -1 -11 
-107 76 -31 124 61 141 31 91 
0 41 9 -34 -41 -71 -68 -106 
39 -106 110 -88 -5 -46 -105 24 
-27 84 56 141 27 129 6 91 
13 -2 -46 -75 -71 -132 43 -131 
110 -90 -9 -34 -103 34 -23 70 
51 109 23 103 12 95 17 37 
-51 -23 -74 -97 48 -140 110 -131 
-12 -83 -99 11 -20 79 46 136 
19 121 18 91 20 24 -57 -28 
-76 -75 52 -106 109 -107 -16 -95 
-95 -33 -16 26 40 109 16 137 
25 135 23 69 -62 -13 -77 -88 
56 -132 107 -117 -19 -87 -91 -18 
-14 24 33 81 13 101 31 115 
25 89 -68 34 -77 -36 60 -114 
105 -139 -21 -134 -86 -57 -11 16 
27 98 11 124 38 119 27 77 
-73 20 -77 -27 63 -82 102 -101 
-24 -121 -81 -84 -10 -36 20 50 
9 114 45 146 28 125 -79 51 
-77 -23 67 -102 99 -118 -26 -119 
-75 -68 -8 -25 13 34 8 77 
51 109 28 121 -84 84 -75 31 
70 -60 96 -115 -27 -152 -69 -113 
-7 -50 6 36 7 98 58 120 
28 114 -88 65 -74 26 72 -38 
91 -74 -28 -119 -62 -116 -7 -89 
-1 -20 7 64 64 123 28 151 
-93 105 -71 45 74 -47 87 -93 
-28 -124 -56 -104 -7 -69 -8 -21 
8 36 71 78 27 123 -97 115 
-69 91 76 7 82 -65 -28 -134 
-49 -144 -8 -104 -15 -34 9 50 
77 93 25 123 -100 97 -66 73 
77 14 77 -31 -28 -88 -43 -122 
-9 -121 -22 -85 10 0 82 71 
23 141 -103 136 -62 103 77 20 
72 -47 -26 -98 -36 -116 -11 -97 
-29 -72 12 -13 87 30 20 97 
-106 120 -59 128 77 74 66 -1 
-25 -84 -29 -141 -14 -134 -35 -97 
15 -11 92 45 18 103 -108 107 
-55 103 76 65 61 17 -22 -37 
-23 -100 -17 -124 -42 -130 17 -65 
96 4 15 97 -109 136 -50 136 
75 84 55 10 -19 -50 -16 -101 
-20 -104 -47 -105 21 -61 100 -22 
11 47 -110 98 -46 134 73 124 
50 62 -16 -14 -10 -104 -24 -134 
-53 -136 24 -71 103 -11 8 58 
-110 94 -42 108 71 101 44 62 
-12 21 -4 -54 -28 -100 -58 -143 
28 -116 106 -62 4 29 -110 104 
-38 137 67 129 39 65 -7 8 
0 -62 -33 -88 -62 -113 32 -95 
108 -69 0 -13 -109 54 -33 109 
64 145 34 112 -2 57 5 -42 
-38 -103 -66 -143 36 -117 109 -66 
-3 0 -107 59 -29 89 59 114 
30 94 2 73 10 4 -43 -54 
-70 -121 40 -140 110 -114 -6 -45 
-104 48 -25 107 55 143 25 107 
8 65 14 -8 -48 -53 -72 -95 
45 -109 110 -100 -10 -70 -101 -1 
-22 59 49 130 21 137 14 115 
18 30 -53 -49 -74 -115 49 -135 
110 -105 -13 -60 -98 10 -18 50 
44 99 18 105 20 107 21 63 
-59 3 -76 -71 53 -132 108 -139 
-17 -109 -94 -20 -15 51 37 122 
15 126 27 107 24 49 -64 -6 
-77 -54 57 -98 107 -107 -20 -110 
-89 -58 -13 -2 31 85 12 130 
34 144 26 97 -70 16 -77 -60 
61 -122 104 -121 -22 -105 -84 -42 
-11 1 24 61 10 93 40 116 
27 107 -75 59 -77 -5 65 -92 
101 -132 -24 -147 -79 -85 -9 -14 
17 72 8 115 47 123 28 97 
-80 42 -76 -2 68 -64 98 -91 
-26 -124 -73 -101 -8 -62 10 18 
7 94 54 140 28 141 -85 78 
-75 8 71 -79 94 -110 -27 -125 
-67 -87 -7 -47 3 8 7 60 
60 98 28 126 -90 101 -73 60 
73 -30 90 -95 -28 -149 -60 -131 
-7 -77 -3 4 7 79 67 111 
27 122 -94 82 -70 49 75 -14 
85 -56 -28 -108 -54 -122 -7 -107 
-10 -51 8 36 73 102 26 151 
-98 123 -68 74 76 -16 80 -74 
-28 -115 -47 -112 -8 -84 -18 -46 
9 14 79 58 24 115 -101 121 
-64 111 77 39 75 -37 -27 -115 
-40 -147 -10 -121 -25 -64 11 22 
84 73 22 118 -104 104 -61 89 
77 39 70 -9 -26 -66 -33 -115 
-12 -126 -31 -109 13 -30 89 42 
20 125 -107 140 -57 122 77 51 
64 -21 -24 -79 -27 -113 -15 -103 
-38 -90 16 -35 94 6 17 76 
-108 113 -53 135 76 100 59 28 
-21 -54 -20 -128 -18 -138 -44 -118 
19 -39 98 20 13 85 -110 104 
-49 108 74 84 53 39 -18 -10 
-14 -81 -21 -117 -49 -140 22 -91 
101 -26 10 68 -110 125 -45 141 
72 107 48 36 -14 -24 -8 -86 
-25 -99 -55 -112 26 -79 104 -45 
6 20 -110 81 -40 126 69 138 
42 87 -10 18 -2 -78 -30 -123 
-60 -143 29 -95 107 -37 3 32 
-109 81 -36 102 66 110 37 79 
-5 46 2 -28 -34 -81 -64 -137 
34 -131 109 -88 0 -4 -108 81 
-32 127 62 139 32 87 0 36 
7 -39 -39 -74 -68 -108 38 -105 
110 -86 -4 -40 -106 30 -28 89 
58 142 28 127 4 86 12 -9 
-45 -80 -71 -134 42 -129 110 -86 
-8 -28 -103 38 -24 73 53 111 
24 102 10 92 16 32 -50 -28 
-73 -102 46 -141 110 -129 -11 -77 
-100 17 -20 84 47 137 20 119 
16 87 19 18 -55 -32 -75 -79 
51 -107 109 -106 -15 -91 -96 -28 
-17 32 41 113 17 138 23 132 
22 62 -61 -20 -76 -93 55 -133 
108 -116 -18 -83 -92 -13 -14 28 
35 85 14 102 29 115 25 85 
-66 29 -77 -42 59 -117 106 -140 
-21 -130 -87 -50 -12 22 29 102 
11 124 36 117 26 73 -72 16 
-77 -31 62 -85 103 -103 -23 -120 
-82 -80 -10 -30 22 56 9 117 
43 147 28 121 -77 45 -77 -30 
66 -106 100 -119 -25 -117 -76 -64 
