0 0 7 84 63 129 28 138 
-92 84 -72 32 74 -43 88 -77 
-28 -109 -57 -103 -7 -83 -7 -36 
7 33 70 92 27 143 -96 125 
-69 82 76 -14 83 -84 -28 -136 
-50 -128 -8 -83 -14 -24 8 42 
76 76 25 112 -100 101 -66 89 
77 28 78 -32 -28 -105 -44 -141 
-9 -127 -21 -72 10 22 81 87 
23 139 -103 118 -63 84 77 14 
73 -36 -27 -82 -37 -108 -11 -105 
-28 -88 12 -24 87 36 21 116 
-106 138 -59 130 77 58 67 -24 
-25 -96 -30 -134 -13 -115 -34 -80 
14 -9 92 32 18 87 -108 103 
-55 114 77 82 62 25 -23 -46 
-24 -120 -16 -140 -41 -128 17 -46 
96 26 15 106 -109 125 -51 116 
75 70 56 12 -20 -35 -17 -87 
-19 -104 -47 -119 20 -77 100 -26 
12 60 -110 119 -47 147 73 118 
51 41 -16 -34 -11 -108 -23 -120 
-52 -116 24 -61 103 -17 8 42 
-110 82 -43 112 71 117 45 77 
-12 21 -5 -70 -27 -121 -57 -152 
27 -106 106 -40 4 47 -110 104 
-38 122 68 110 40 59 -8 18 
0 -46 -32 -80 -62 -121 31 -112 
108 -82 1 -9 -109 73 -34 129 
64 149 35 98 -3 35 5 -56 
-37 -99 -66 -125 36 -99 109 -63 
-2 -12 -107 43 -30 84 60 125 
30 112 1 83 9 -3 -42 -74 
-69 -139 40 -141 110 -97 -6 -23 
-105 58 -26 99 55 124 26 93 
7 67 14 6 -47 -38 -72 -94 
44 -123 110 -117 -9 -76 -102 10 
-22 81 50 145 22 133 13 95 
18 9 -53 -55 -74 -104 48 -116 
110 -94 -13 -65 -98 -5 -19 38 
44 103 18 121 19 124 21 64 
-58 -12 -76 -93 53 -143 109 -131 
-16 -88 -94 -1 -16 54 38 108 
15 107 26 99 23 58 -64 9 
-77 -46 57 -105 107 -125 -19 -125 
-90 -55 -13 15 32 106 12 138 
33 133 26 75 -69 0 -77 -59 
60 -106 105 -105 -22 -101 -85 -53 
-11 -14 25 56 10 103 39 135 
27 118 -74 53 -77 -26 64 -112 
102 -136 -24 -132 -79 -63 -9 -2 
18 67 9 98 46 109 28 97 
-80 56 -76 12 67 -62 99 -105 
-26 -143 -74 -109 -8 -52 11 41 
8 111 53 140 28 123 -85 57 
-75 0 70 -70 95 -92 -27 -114 
-67 -91 -7 -63 4 -3 7 62 
59 115 28 144 -89 106 -73 46 
73 -53 91 -109 -28 -144 -61 -111 
-7 -58 -2 9 7 66 66 93 
28 114 -94 90 -71 66 75 -4 
86 -62 -28 -127 -55 -138 -7 -107 
-9 -34 8 58 72 113 26 143 
-98 102 -68 57 76 -17 81 -60 
-28 -100 -48 -108 -8 -96 -16 -62 
9 7 78 68 25 135 -101 135 
-65 107 77 19 76 -58 -27 -122 
-41 -134 -10 -100 -23 -51 10 19 
83 57 22 104 -104 104 -61 104 
77 54 71 -6 -26 -80 -34 -135 
-12 -137 -30 -101 13 -9 88 61 
20 128 -106 125 -58 102 77 41 
65 -14 -24 -62 -28 -101 -14 -108 
-37 -106 15 -49 93 7 17 93 
-108 133 -54 142 76 88 60 5 
-22 -70 -21 -126 -17 -120 -43 -99 
18 -34 97 9 14 69 -109 96 
-50 116 75 101 54 50 -18 -16 
-15 -100 -21 -135 -49 -143 21 -75 
101 -4 10 81 -110 119 -45 122 
73 90 49 34 -15 -11 -9 -71 
-25 -95 -54 -124 25 -96 104 -53 
7 29 -110 101 -41 143 70 136 
43 69 -11 -3 -3 -88 -29 -114 
-59 -124 29 -81 106 -39 3 17 
-109 67 -37 102 67 124 38 96 
-6 51 1 -41 -34 -103 -63 -151 
33 -125 108 -68 0 15 -108 86 
-33 114 63 120 33 76 -1 42 
7 -23 -39 -62 -67 -112 37 -121 
110 -101 -3 -40 -106 46 -28 110 
58 152 29 117 3 64 11 -27 
-44 -81 -70 -119 41 -110 110 -79 
-7 -37 -104 22 -25 65 54 118 
24 119 9 105 15 28 -49 -47 
-73 -122 46 -146 110 -116 -11 -54 
-101 32 -21 81 48 120 20 102 
15 84 19 30 -55 -17 -75 -74 
50 -118 109 -125 -14 -101 -97 -20 
-18 53 42 131 17 139 22 116 
22 40 -60 -30 -76 -86 54 -115 
108 -102 -17 -84 -93 -28 -15 14 
36 84 14 116 28 133 24 91 
-66 17 -77 -64 58 -133 106 -137 
-20 -111 -88 -30 -12 29 30 92 
12 106 35 107 26 78 -71 32 
-77 -20 62 -88 104 -120 -23 -137 
-83 -82 -10 -15 23 79 10 129 
42 140 27 100 -76 27 -77 -33 
65 -92 101 -102 -25 -110 -77 -73 
-9 -37 16 30 8 87 48 130 
28 134 -82 79 -76 7 68 -88 
97 -127 -26 -142 -71 -87 -8 -28 
9 42 7 86 55 105 28 108 
-86 74 -74 38 71 -37 93 -88 
-28 -140 -65 -126 -7 -79 1 7 
7 90 62 131 28 136 -91 80 
-72 26 73 -47 89 -79 -28 -111 
-59 -102 -7 -80 -5 -31 7 38 
68 96 27 144 -95 122 -70 76 
75 -21 84 -89 -28 -138 -52 -125 
-8 -79 -12 -18 8 46 74 79 
26 112 -99 99 -67 86 76 22 
79 -37 -28 -109 -45 -141 -9 -124 
-19 -66 9 28 80 92 24 140 
-102 116 -64 80 77 9 74 -40 
-27 -85 -39 -108 -10 -104 -26 -84 
11 -18 85 41 22 120 -105 138 
-60 127 77 52 69 -30 -25 -101 
-32 -135 -13 -113 -33 -75 13 -5 
90 36 19 90 -107 104 -56 113 
77 78 63 20 -23 -53 -25 -123 
-15 -140 -39 -124 16 -40 95 32 
16 110 -109 126 -52 114 76 65 
58 8 -20 -40 -19 -90 -18 -105 
-45 -117 19 -72 99 -21 13 66 
-110 122 -48 147 74 113 52 35 
-17 -41 -13 -112 -22 -121 -51 -114 
23 -56 102 -13 9 47 -110 85 
-44 113 72 115 47 73 -13 15 
-7 -76 -26 -124 -56 -151 26 -101 
105 -34 6 53 -110 107 -39 122 
69 107 41 55 -9 13 -1 -50 
-31 -83 -60 -122 30 -110 107 -77 
2 -2 -109 78 -35 132 65 148 
36 94 -4 28 3 -62 -35 -102 
-65 -125 34 -97 109 -59 -1 -7 
-108 48 -31 88 61 125 31 110 
0 78 8 -10 -40 -80 -68 -142 
39 -139 110 -92 -5 -16 -105 63 
-27 102 57 124 27 91 6 63 
13 1 -46 -43 -71 -98 43 -123 
110 -115 -8 -70 -103 16 -23 86 
52 147 23 131 11 91 17 3 
-51 -60 -74 -107 47 -115 110 -92 
-12 -60 -99 0 -20 43 46 106 
19 121 18 121 20 58 -57 -18 
-75 -99 51 -145 109 -129 -15 -83 
-96 4 -17 59 40 111 16 107 
24 97 23 54 -62 5 -77 -51 
56 -108 107 -126 -18 -121 -91 -50 
-14 22 34 111 13 139 31 131 
25 69 -68 -4 -77 -64 59 -108 
105 -105 -21 -99 -86 -49 -12 -9 
27 61 11 106 37 135 27 114 
-73 47 -77 -32 63 -116 103 -137 
-23 -129 -81 -57 -10 3 20 71 
9 100 44 109 28 94 -78 52 
-77 6 66 -67 99 -108 -25 -143 
-75 -105 -8 -46 13 47 8 115 
51 140 28 120 -83 52 -75 -6 
69 -74 96 -94 -27 -114 -69 -88 
-7 -59 6 2 7 67 58 118 
28 143 -88 102 -74 40 72 -59 
92 -113 -28 -144 -63 -107 -7 -53 
0 14 7 70 64 96 28 113 
-92 88 -72 62 74 -10 87 -67 
-28 -130 -56 -137 -7 -103 -7 -27 
7 64 70 117 27 142 -96 99 
-69 52 76 -22 82 -63 -28 -102 
-50 -108 -8 -94 -15 -57 8 13 
76 73 25 137 -100 133 -66 103 
77 12 77 -64 -28 -125 -43 -133 
-9 -97 -22 -46 10 23 82 61 
23 106 -103 104 -62 101 77 49 
72 -11 -26 -86 -36 -137 -11 -135 
-28 -95 12 -2 87 67 21 130 
-106 124 -59 98 77 35 67 -18 
-25 -66 -30 -103 -14 -108 -35 -103 
14 -44 92 13 18 98 -108 135 
-55 140 76 82 61 0 -22 -76 
-23 -128 -16 -120 -41 -96 17 -29 
96 14 15 73 -109 98 -51 116 
75 98 56 46 -19 -22 -17 -105 
-20 -137 -47 -140 20 -70 100 2 
11 87 -110 121 -46 121 73 87 
50 30 -16 -15 -10 -74 -24 -97 
-53 -123 24 -92 103 -48 8 36 
-110 105 -42 144 71 133 45 64 
-12 -9 -5 -92 -28 -115 -58 -123 
28 -77 106 -35 4 22 -110 70 
-38 104 68 124 40 92 -7 45 
0 -47 -32 -107 -62 -152 32 -122 
108 -62 0 22 -109 90 -34 116 
64 118 35 73 -2 37 5 -27 
-37 -66 -66 -114 36 -120 109 -97 
-2 -34 -107 52 -30 114 60 152 
30 114 2 58 10 -33 -42 -85 
-69 -121 40 -108 110 -76 -6 -32 
-105 26 -26 69 55 120 25 118 
8 101 14 21 -48 -53 -72 -126 
44 -146 110 -112 -10 -48 -102 38 
-22 85 50 121 21 101 14 81 
18 26 -53 -21 -74 -79 49 -120 
110 -124 -13 -97 -98 -13 -19 59 
44 135 18 139 20 112 21 34 
-59 -36 -76 -90 53 -115 108 -101 
-16 -80 -94 -23 -16 19 38 88 
15 118 26 132 24 86 -64 11 
-77 -71 57 -136 107 -136 -19 -107 
-89 -24 -13 34 31 96 12 107 
33 106 26 74 -70 27 -77 -25 
61 -92 104 -122 -22 -135 -84 -77 
-11 -9 25 85 10 132 40 139 
27 95 -75 21 -77 -38 64 -95 
102 -103 -24 -109 -79 -69 -9 -33 
18 35 9 91 47 131 28 131 
-80 74 -76 0 68 -93 98 -130 
-26 -140 -73 -82 -8 -23 11 47 
8 89 53 106 28 106 -85 70 
-75 33 70 -42 94 -92 -27 -141 
-67 -123 -7 -74 3 14 7 94 
60 133 28 134 -90 75 -73 21 
73 -52 90 -82 -28 -112 -61 -100 
-7 -77 -3 -25 7 44 66 100 
27 145 -94 119 -71 71 75 -27 
86 -93 -28 -140 -54 -123 -7 -75 
-10 -13 8 50 72 82 26 113 
-98 98 -68 82 76 17 81 -43 
-28 -113 -47 -141 -8 -121 -17 -60 
9 34 78 97 24 141 -101 113 
-65 75 77 3 75 -44 -27 -88 
-41 -109 -10 -103 -24 -80 11 -13 
84 47 22 123 -104 138 -61 123 
77 45 70 -36 -26 -106 -34 -135 
-12 -110 -31 -70 13 0 89 41 
20 93 -107 104 -57 111 77 73 
65 15 -24 -59 -27 -126 -15 -140 
-37 -119 15 -34 94 38 17 114 
-108 126 -53 112 76 60 59 3 
-21 -44 -21 -93 -18 -106 -43 -116 
18 -68 98 -15 14 72 -110 125 
-49 146 75 108 54 29 -18 -47 
-14 -115 -21 -121 -49 -111 22 -52 
101 -8 10 51 -110 88 -45 114 
72 113 48 69 -15 8 -8 -81 
