77 85 63 19 -23 -60 -25 -131 
-15 -141 -39 -117 16 -32 95 35 
16 104 -109 116 -52 108 76 68 
57 17 -20 -30 -18 -88 -19 -112 
-45 -127 19 -78 99 -18 12 75 
-110 129 -48 145 74 106 52 28 
-17 -41 -12 -105 -22 -111 -51 -109 
23 -61 102 -23 9 38 -110 85 
-43 121 72 125 46 77 -13 10 
-6 -84 -26 -129 -56 -148 27 -92 
105 -27 5 52 -110 99 -39 113 
69 104 41 61 -9 24 -1 -43 
-31 -85 -61 -131 30 -119 107 -79 
2 3 -109 87 -35 135 65 143 
36 85 -4 23 4 -59 -36 -92 
-65 -117 35 -96 109 -67 -1 -18 
-107 42 -31 91 61 135 31 117 
0 77 8 -17 -41 -87 -68 -143 
39 -133 110 -83 -5 -13 -105 58 
-27 92 56 116 27 92 6 72 
13 11 -46 -39 -71 -103 43 -133 
110 -121 -9 -68 -103 24 -23 93 
51 146 23 123 12 82 17 1 
-51 -53 -74 -97 47 -110 110 -96 
-12 -71 -99 -9 -20 42 46 113 
19 131 18 125 20 54 -57 -26 
-76 -104 52 -142 109 -121 -16 -75 
-95 3 -16 50 40 101 16 103 
25 103 23 64 -62 13 -77 -52 
56 -116 107 -135 -19 -123 -91 -44 
-14 30 33 114 13 134 31 122 
25 63 -68 -2 -77 -54 60 -98 
105 -103 -21 -106 -86 -60 -11 -15 
27 64 11 115 38 143 27 114 
-73 40 -77 -40 63 -118 102 -130 
-24 -120 -81 -53 -10 -1 20 61 
9 91 45 109 28 103 -79 62 
-77 11 67 -72 99 -118 -26 -149 
-75 -104 -8 -38 13 54 8 114 
51 133 28 111 -84 50 -75 0 
70 -63 96 -87 -27 -116 -69 -98 
-7 -68 6 0 7 73 58 127 
28 147 -88 98 -74 32 72 -65 
91 -111 -28 -136 -63 -99 -7 -52 
-1 6 7 59 64 90 28 118 
-93 98 -71 70 74 -10 87 -74 
-28 -138 -56 -140 -7 -97 -8 -18 
8 68 71 113 27 133 -97 92 
-69 54 76 -13 82 -53 -28 -99 
-49 -114 -8 -104 -15 -64 9 14 
77 81 25 145 -100 134 -66 96 
77 4 77 -66 -28 -119 -43 -124 
-9 -92 -22 -49 10 13 82 52 
23 104 -103 112 -62 111 77 54 
72 -15 -26 -94 -36 -143 -11 -134 
-29 -88 12 4 87 67 21 123 
-106 114 -59 95 77 41 66 -8 
-25 -58 -29 -104 -14 -116 -35 -112 
14 -47 92 18 18 107 -108 139 
-55 137 76 74 61 -6 -22 -74 
-23 -119 -17 -111 -42 -94 17 -36 
96 3 15 66 -109 101 -50 126 
75 106 55 46 -19 -29 -16 -113 
-20 -139 -47 -135 21 -61 100 6 
11 83 -110 111 -46 113 73 87 
50 39 -16 -5 -10 -70 -24 -102 
-53 -133 24 -99 103 -47 8 44 
-110 113 -42 145 71 126 44 55 
-12 -12 -4 -86 -28 -105 -58 -116 
28 -79 106 -45 4 12 -110 68 
-38 111 67 134 39 98 -7 42 
0 -55 -33 -113 -62 -150 32 -114 
108 -54 0 22 -109 83 -33 106 
64 113 34 77 -2 48 5 -19 
-37 -66 -66 -122 36 -129 109 -101 
-3 -30 -107 60 -29 119 59 149 
30 105 2 52 10 -32 -43 -76 
-70 -111 40 -105 110 -83 -6 -43 
-104 19 -25 71 55 129 25 127 
8 102 14 15 -48 -61 -72 -129 
45 -141 110 -103 -10 -43 -101 34 
-22 75 49 113 21 100 14 89 
18 36 -53 -16 -74 -82 49 -129 
110 -131 -13 -96 -98 -6 -18 66 
44 136 18 132 20 103 21 30 
-59 -31 -76 -80 53 -108 108 -102 
-17 -90 -94 -33 -15 16 38 93 
15 127 27 137 24 84 -64 3 
-77 -77 57 -135 107 -129 -20 -99 
-89 -22 -13 27 31 85 12 101 
34 109 26 84 -70 36 -77 -23 
61 -99 104 -131 -22 -139 -84 -73 
-11 0 24 90 10 129 40 130 
27 88 -75 22 -77 -30 65 -85 
101 -98 -24 -114 -79 -80 -9 -41 
17 36 8 99 47 140 28 133 
-80 68 -76 -7 68 -97 98 -125 
-26 -131 -73 -76 -8 -25 10 37 
7 79 54 104 28 113 -85 81 
-75 39 71 -45 94 -101 -27 -149 
-67 -124 -7 -67 3 21 7 96 
60 127 28 125 -90 71 -73 25 
73 -42 90 -74 -28 -111 -60 -108 
-7 -87 -3 -30 7 48 67 109 
27 151 -94 117 -70 63 75 -34 
85 -93 -28 -132 -54 -114 -7 -72 
-10 -19 8 40 73 75 26 115 
-98 107 -68 92 76 19 80 -49 
-28 -122 -47 -146 -8 -117 -18 -51 
9 40 79 94 24 132 -101 105 
-64 75 77 11 75 -33 -27 -83 
-40 -113 -10 -113 -24 -89 11 -13 
84 54 22 132 -104 140 -61 118 
77 37 70 -40 -26 -101 -33 -125 
-12 -103 -31 -72 13 -9 89 30 
20 90 -107 110 -57 122 77 80 
64 13 -24 -67 -27 -134 -15 -140 
-38 -113 15 -26 94 41 17 108 
-108 116 -53 106 76 64 59 13 
-21 -35 -20 -91 -18 -113 -44 -126 
18 -73 98 -11 13 81 -110 131 
-49 145 74 101 53 22 -18 -47 
-14 -108 -21 -111 -49 -107 22 -57 
101 -19 10 43 -110 88 -45 123 
72 122 48 72 -14 3 -8 -90 
-25 -131 -55 -147 25 -87 104 -21 
6 57 -110 101 -40 113 70 102 
43 58 -10 19 -2 -48 -30 -88 
-60 -132 29 -116 107 -74 3 10 
-109 92 -36 137 66 141 37 80 
-5 17 2 -64 -34 -95 -64 -117 
33 -94 109 -64 0 -13 -108 47 
-32 95 62 136 33 114 0 72 
7 -24 -39 -92 -67 -145 38 -130 
110 -79 -4 -7 -106 63 -28 94 
58 116 28 90 4 69 12 6 
-45 -44 -71 -107 42 -133 110 -118 
-8 -62 -103 31 -24 98 53 148 
24 121 10 77 16 -3 -50 -57 
-73 -99 46 -110 110 -94 -11 -66 
-100 -4 -21 47 47 116 20 131 
16 122 19 48 -55 -33 -75 -109 
51 -143 109 -118 -15 -70 -96 9 
-17 55 41 103 17 103 23 101 
22 60 -61 8 -76 -57 55 -119 
108 -135 -18 -119 -92 -38 -14 36 
35 119 14 134 29 119 25 58 
-66 -7 -77 -59 59 -100 106 -103 
-21 -104 -87 -56 -12 -10 29 69 
11 118 36 143 26 110 -72 34 
-77 -47 62 -121 103 -131 -23 -117 
-82 -48 -10 3 22 65 9 93 
43 110 28 100 -77 58 -77 5 
66 -77 100 -121 -25 -148 -76 -99 
-9 -32 15 61 8 117 49 133 
28 108 -82 45 -76 -4 69 -67 
97 -89 -27 -116 -71 -95 -8 -64 
8 5 7 78 56 130 28 145 
-87 93 -74 25 71 -71 93 -114 
-28 -135 -64 -96 -7 -48 0 11 
7 63 63 93 28 117 -92 96 
-72 65 74 -16 88 -79 -28 -141 
-58 -138 -7 -93 -6 -11 7 73 
69 116 27 132 -96 89 -70 49 
75 -18 84 -57 -28 -101 -51 -114 
-8 -102 -13 -58 8 20 75 87 
26 146 -99 132 -67 91 77 -2 
78 -71 -28 -122 -44 -123 -9 -89 
-20 -44 10 18 81 56 24 107 
-103 112 -63 109 77 48 73 -21 
-27 -100 -38 -145 -11 -132 -27 -82 
11 10 86 72 21 125 -105 113 
-60 92 77 36 68 -12 -25 -63 
-31 -106 -13 -116 -34 -109 14 -42 
91 24 19 112 -107 140 -56 134 
77 68 62 -12 -23 -79 -24 -121 
-16 -110 -40 -91 17 -32 95 7 
15 71 -109 103 -52 126 76 102 
57 41 -20 -35 -18 -117 -19 -140 
-46 -132 20 -55 99 12 12 87 
-110 112 -47 113 74 83 51 34 
-17 -10 -12 -74 -23 -105 -51 -133 
23 -95 103 -41 9 50 -110 117 
-43 146 71 123 46 50 -13 -18 
-6 -90 -27 -107 -57 -115 27 -76 
105 -41 5 18 -110 71 -39 113 
68 132 41 94 -8 35 0 -62 
-31 -117 -61 -150 31 -110 107 -49 
1 29 -109 86 -35 108 65 112 
36 75 -4 43 4 -24 -36 -70 
-65 -125 35 -128 109 -97 -2 -23 
-107 66 -30 123 61 148 31 101 
1 46 9 -38 -41 -80 -69 -112 
39 -104 110 -80 -5 -39 -105 24 
-26 75 56 131 26 126 6 98 
13 8 -46 -67 -72 -133 44 -140 
110 -99 -9 -37 -102 39 -23 78 
51 114 22 99 12 86 17 31 
-52 -21 -74 -87 48 -130 110 -129 
-13 -91 -99 0 -19 72 45 139 
19 131 19 99 20 25 -57 -35 
-76 -83 52 -108 109 -101 -16 -86 
-95 -29 -16 21 39 98 15 129 
25 136 23 78 -63 -2 -77 -83 
56 -137 107 -127 -19 -94 -90 -17 
-14 32 33 88 13 101 32 108 
25 81 -68 32 -77 -29 60 -103 
105 -132 -21 -137 -85 -67 -11 5 
26 95 11 130 38 129 27 83 
-74 17 -77 -35 64 -88 102 -99 
-24 -113 -80 -76 -9 -36 19 42 
9 103 45 141 28 130 -79 62 
-76 -14 67 -101 99 -126 -26 -129 
-74 -72 -8 -20 12 42 8 82 
52 105 28 112 -84 78 -75 33 
70 -51 95 -105 -27 -149 -68 -120 
-7 -61 5 28 7 100 58 129 
28 122 -89 67 -73 20 72 -46 
91 -77 -28 -113 -62 -107 -7 -84 
-1 -24 7 53 65 113 28 150 
-93 114 -71 56 74 -41 87 -97 
-28 -133 -55 -111 -7 -68 -8 -14 
8 44 71 78 26 116 -97 106 
-69 88 76 13 82 -54 -28 -126 
-49 -145 -8 -114 -16 -45 9 46 
77 98 25 133 -101 102 -65 71 
77 6 77 -37 -28 -86 -42 -113 
-10 -112 -23 -84 10 -8 83 60 
23 135 -104 140 -62 114 77 30 
71 -45 -26 -105 -35 -125 -11 -101 
-29 -67 12 -4 88 35 20 93 
-106 111 -58 120 77 75 66 7 
-24 -73 -29 -136 -14 -139 -36 -108 
15 -19 93 46 17 111 -108 116 
-54 104 76 59 60 9 -22 -40 
-22 -94 -17 -114 -42 -124 18 -68 
97 -5 14 87 -109 133 -50 144 
75 95 55 16 -19 -53 -16 -110 
-20 -111 -48 -105 21 -53 101 -15 
11 48 -110 91 -46 124 73 120 
49 67 -15 -3 -10 -95 -24 -133 
-53 -145 24 -82 104 -15 7 63 
-110 103 -42 114 70 99 44 54 
-11 14 -4 -53 -28 -91 -58 -133 
28 -113 106 -69 4 17 -110 97 
-37 139 67 138 39 75 -7 11 
1 -69 -33 -97 -63 -117 32 -91 
108 -60 0 -8 -108 51 -33 99 
63 136 34 112 -2 66 6 -30 
-38 -97 -67 -147 37 -127 109 -74 
-3 -1 -107 67 -29 97 59 116 
29 88 3 65 11 1 -43 -49 
-70 -111 41 -133 110 -115 -7 -55 
-104 37 -25 103 54 149 25 118 
8 72 15 -9 -48 -61 -73 -102 
45 -109 110 -92 -10 -62 -101 0 
