0 0 7 84 63 129 28 138 
-92 84 -72 32 74 -43 88 -77 
-28 -109 -57 -103 -7 -83 -7 -36 
7 33 70 92 27 143 -96 125 
-69 82 76 -14 83 -84 -28 -136 
-50 -128 -8 -83 -14 -24 8 42 
76 76 25 112 -100 101 -66 89 
77 28 78 -32 -28 -105 -44 -141 
-9 -127 -21 -72 10 22 81 87 
23 139 -103 118 -63 84 77 14 
73 -36 -27 -82 -37 -108 -11 -105 
-28 -88 12 -24 87 36 21 116 
-106 138 -59 130 77 58 67 -24 
-25 -96 -30 -134 -13 -115 -34 -80 
14 -9 92 32 18 87 -108 103 
-55 114 77 82 62 25 -23 -46 
-24 -120 -16 -140 -41 -128 17 -46 
96 26 15 106 -109 125 -51 116 
75 70 56 12 -20 -35 -17 -87 
-19 -104 -47 -119 20 -77 100 -26 
12 60 -110 119 -47 147 73 118 
51 41 -16 -34 -11 -108 -23 -120 
-52 -116 24 -61 103 -17 8 42 
-110 82 -43 112 71 117 45 77 
-12 21 -5 -70 -27 -121 -57 -152 
27 -106 106 -40 4 47 -110 104 
-38 122 68 110 40 59 -8 18 
0 -46 -32 -80 -62 -121 31 -112 
108 -82 1 -9 -109 73 -34 129 
64 149 35 98 -3 35 5 -56 
-37 -99 -66 -125 36 -99 109 -63 
-2 -12 -107 43 -30 84 60 125 
30 112 1 83 9 -3 -42 -74 
-69 -139 40 -141 110 -97 -6 -23 
-105 58 -26 99 55 124 26 93 
7 67 14 6 -47 -38 -72 -94 
44 -123 110 -117 -9 -76 -102 10 
-22 81 50 145 22 133 13 95 
18 9 -53 -55 -74 -104 48 -116 
110 -94 -13 -65 -98 -5 -19 38 
44 103 18 121 19 124 21 64 
-58 -12 -76 -93 53 -143 109 -131 
-16 -88 -94 -1 -16 54 38 108 
15 107 26 99 23 58 -64 9 
-77 -46 57 -105 107 -125 -19 -125 
-90 -55 -13 15 32 106 12 138 
33 133 26 75 -69 0 -77 -59 
60 -106 105 -105 -22 -101 -85 -53 
-11 -14 25 56 10 103 39 135 
27 118 -74 53 -77 -26 64 -112 
102 -136 -24 -132 -79 -63 -9 -2 
18 67 9 98 46 109 28 97 
-80 56 -76 12 67 -62 99 -105 
-26 -143 -74 -109 -8 -52 11 41 
8 111 53 140 28 123 -85 57 
-75 0 70 -70 95 -92 -27 -114 
-67 -91 -7 -63 4 -3 7 62 
59 115 28 144 -89 106 -73 46 
73 -53 91 -109 -28 -144 -61 -111 
-7 -58 -2 9 7 66 66 93 
28 114 -94 90 -71 66 75 -4 
86 -62 -28 -127 -55 -138 -7 -107 
-9 -34 8 58 72 113 26 143 
-98 102 -68 57 76 -17 81 -60 
-28 -100 -48 -108 -8 -96 -16 -62 
9 7 78 68 25 135 -101 135 
-65 107 77 19 76 -58 -27 -122 
-41 -134 -10 -100 -23 -51 10 19 
83 57 22 104 -104 104 -61 104 
77 54 71 -6 -26 -80 -34 -135 
-12 -137 -30 -101 13 -9 88 61 
20 128 -106 125 -58 102 77 41 
65 -14 -24 -62 -28 -101 -14 -108 
-37 -106 15 -49 93 7 17 93 
-108 133 -54 142 76 88 60 5 
-22 -70 -21 -126 -17 -120 -43 -99 
18 -34 97 9 14 69 -109 96 
-50 116 75 101 54 50 -18 -16 
-15 -100 -21 -135 -49 -143 21 -75 
101 -4 10 81 -110 119 -45 122 
73 90 49 34 -15 -11 -9 -71 
-25 -95 -54 -124 25 -96 104 -53 
7 29 -110 101 -41 143 70 136 
43 69 -11 -3 -3 -88 -29 -114 
-59 -124 29 -81 106 -39 3 17 
-109 67 -37 102 67 124 38 96 
-6 51 1 -41 -34 -103 -63 -151 
33 -125 108 -68 0 15 -108 86 
-33 114 63 120 33 76 -1 42 
7 -23 -39 -62 -67 -112 37 -121 
110 -101 -3 -40 -106 46 -28 110 
58 152 29 117 3 64 11 -27 
-44 -81 -70 -119 41 -110 110 -79 
-7 -37 -104 22 -25 65 54 118 
24 119 9 105 15 28 -49 -47 
-73 -122 46 -146 110 -116 -11 -54 
-101 32 -21 81 48 120 20 102 
15 84 19 30 -55 -17 -75 -74 
50 -118 109 -125 -14 -101 -97 -20 
-18 53 42 131 17 139 22 116 
22 40 -60 -30 -76 -86 54 -115 
108 -102 -17 -84 -93 -28 -15 14 
36 84 14 116 28 133 24 91 
-66 17 -77 -64 58 -133 106 -137 
-20 -111 -88 -30 -12 29 30 92 
12 106 35 107 26 78 -71 32 
-77 -20 62 -88 104 -120 -23 -137 
-83 -82 -10 -15 23 79 10 129 
42 140 27 100 -76 27 -77 -33 
65 -92 101 -102 -25 -110 -77 -73 
-9 -37 16 30 8 87 48 130 
28 134 -82 79 -76 7 68 -88 
97 -127 -26 -142 -71 -87 -8 -28 
9 42 7 86 55 105 28 108 
-86 74 -74 38 71 -37 93 -88 
-28 -140 -65 -126 -7 -79 1 7 
7 90 62 131 28 136 -91 80 
-72 26 73 -47 89 -79 -28 -111 
-59 -102 -7 -80 -5 -31 7 38 
68 96 27 144 -95 122 -70 76 
75 -21 84 -89 -28 -138 -52 -125 
-8 -79 -12 -18 8 46 74 79 
26 112 -99 99 -67 86 76 22 
79 -37 -28 -109 -45 -141 -9 -124 
-19 -66 9 28 80 92 24 140 
-102 116 -64 80 77 9 74 -40 
-27 -85 -39 -108 -10 -104 -26 -84 
11 -18 85 41 22 120 -105 138 
-60 127 77 52 69 -30 -25 -101 
-32 -135 -13 -113 -33 -75 13 -5 
90 36 19 90 -107 104 -56 113 
77 78 63 20 -23 -53 -25 -123 
-15 -140 -39 -124 16 -40 95 32 
16 110 -109 126 -52 114 76 65 
58 8 -20 -40 -19 -90 -18 -105 
-45 -117 19 -72 99 -21 13 66 
-110 122 -48 147 74 113 52 35 
-17 -41 -13 -112 -22 -121 -51 -114 
23 -56 102 -13 9 47 -110 85 
-44 113 72 115 47 73 -13 15 
-7 -76 -26 -124 -56 -151 26 -101 
105 -34 6 53 -110 107 -39 122 
69 107 41 55 -9 13 -1 -50 
-31 -83 -60 -122 30 -110 107 -77 
2 -2 -109 78 -35 132 65 148 
36 94 -4 28 3 -62 -35 -102 
-65 -125 34 -97 109 -59 -1 -7 
-108 48 -31 88 61 125 31 110 
0 78 8 -10 -40 -80 -68 -142 
39 -139 110 -92 -5 -16 -105 63 
-27 102 57 124 27 91 6 63 
13 1 -46 -43 -71 -98 43 -123 
110 -115 -8 -70 -103 16 -23 86 
52 147 23 131 11 91 17 3 
-51 -60 -74 -107 47 -115 110 -92 
-12 -60 -99 0 -20 43 46 106 
19 121 18 121 20 58 -57 -18 
-75 -99 51 -145 109 -129 -15 -83 
-96 4 -17 59 40 111 16 107 
24 97 23 54 -62 5 -77 -51 
56 -108 107 -126 -18 -121 -91 -50 
-14 22 34 111 13 139 31 131 
25 69 -68 -4 -77 -64 59 -108 
105 -105 -21 -99 -86 -49 -12 -9 
27 61 11 106 37 135 27 114 
-73 47 -77 -32 63 -116 103 -137 
-23 -129 -81 -57 -10 3 20 71 
9 100 44 109 28 94 -78 52 
-77 6 66 -67 99 -108 -25 -143 
-75 -105 -8 -46 13 47 8 115 
51 140 28 120 -83 52 -75 -6 
69 -74 96 -94 -27 -114 -69 -88 
-7 -59 6 2 7 67 58 118 
28 143 -88 102 -74 40 72 -59 
92 -113 -28 -144 -63 -107 -7 -53 
0 14 7 70 64 96 28 113 
-92 88 -72 62 74 -10 87 -67 
-28 -130 -56 -137 -7 -103 -7 -27 
7 64 70 117 27 142 -96 99 
-69 52 76 -22 82 -63 -28 -102 
-50 -108 -8 -94 -15 -57 8 13 
76 73 25 137 -100 133 -66 103 
77 12 77 -64 -28 -125 -43 -133 
-9 -97 -22 -46 10 23 82 61 
23 106 -103 104 -62 101 77 49 
72 -11 -26 -86 -36 -137 -11 -135 
-28 -95 12 -2 87 67 21 130 
-106 124 -59 98 77 35 67 -18 
-25 -66 -30 -103 -14 -108 -35 -103 
14 -44 92 13 18 98 -108 135 
-55 140 76 82 61 0 -22 -76 
-23 -128 -16 -120 -41 -96 17 -29 
96 14 15 73 -109 98 -51 116 
75 98 56 46 -19 -22 -17 -105 
-20 -137 -47 -140 20 -70 100 2 
11 87 -110 121 -46 121 73 87 
50 30 -16 -15 -10 -74 -24 -97 
-53 -123 24 -92 103 -48 8 36 
-110 105 -42 144 71 133 45 64 
-12 -9 -5 -92 -28 -115 -58 -123 
28 -77 106 -35 4 22 -110 70 
-38 104 68 124 40 92 -7 45 
0 -47 -32 -107 -62 -152 32 -122 
108 -62 0 22 -109 90 -34 116 
64 118 35 73 -2 37 5 -27 
-37 -66 -66 -114 36 -120 109 -97 
-2 -34 -107 52 -30 114 60 152 
30 114 2 58 10 -33 -42 -85 
-69 -121 40 -108 110 -76 -6 -32 
-105 26 -26 69 55 120 25 118 
8 101 14 21 -48 -53 -72 -126 
44 -146 110 -112 -10 -48 -102 38 
-22 85 50 121 21 101 14 81 
18 26 -53 -21 -74 -79 49 -120 
110 -124 -13 -97 -98 -13 -19 59 
44 135 18 139 20 112 21 34 
-59 -36 -76 -90 53 -115 108 -101 
-16 -80 -94 -23 -16 19 38 88 
15 118 26 132 24 86 -64 11 
-77 -71 57 -136 107 -136 -19 -107 
-89 -24 -13 34 31 96 12 107 
33 106 26 74 -70 27 -77 -25 
61 -92 104 -122 -22 -135 -84 -77 
-11 -9 25 85 10 132 40 139 
27 95 -75 21 -77 -38 64 -95 
102 -103 -24 -109 -79 -69 -9 -33 
18 35 9 91 47 131 28 131 
-80 74 -76 0 68 -93 98 -130 
-26 -140 -73 -82 -8 -23 11 47 
8 89 53 106 28 106 -85 70 
-75 33 70 -42 94 -92 -27 -141 
-67 -123 -7 -74 3 14 7 94 
60 133 28 134 -90 75 -73 21 
73 -52 90 -82 -28 -112 -61 -100 
-7 -77 -3 -25 7 44 66 100 
27 145 -94 119 -71 71 75 -27 
86 -93 -28 -140 -54 -123 -7 -75 
-10 -13 8 50 72 82 26 113 
-98 98 -68 82 76 17 81 -43 
-28 -113 -47 -141 -8 -121 -17 -60 
9 34 78 97 24 141 -101 113 
-65 75 77 3 75 -44 -27 -88 
-41 -109 -10 -103 -24 -80 11 -13 
84 47 22 123 -104 138 -61 123 
77 45 70 -36 -26 -106 -34 -135 
-12 -110 -31 -70 13 0 89 41 
20 93 -107 104 -57 111 77 73 
65 15 -24 -59 -27 -126 -15 -140 
-37 -119 15 -34 94 38 17 114 
-108 126 -53 112 76 60 59 3 
-21 -44 -21 -93 -18 -106 -43 -116 
18 -68 98 -15 14 72 -110 125 
-49 146 75 108 54 29 -18 -47 
-14 -115 -21 -121 -49 -111 22 -52 
101 -8 10 51 -110 88 -45 114 
72 113 48 69 -15 8 -8 -81 
36 114 14 116 28 103 24 56 
-66 6 -77 -43 58 -96 106 -115 
-20 -122 -88 -64 -12 -1 30 90 
12 135 35 143 26 92 -71 12 
-77 -57 62 -113 104 -112 -23 -103 
-83 -50 -10 -11 23 52 10 93 
42 124 27 117 -76 63 -77 -7 
65 -98 101 -135 -25 -144 -77 -79 
-9 -11 16 67 8 105 48 114 
28 97 -81 51 -76 10 68 -56 
97 -93 -26 -133 -71 -111 -8 -65 
9 22 7 100 55 141 28 137 
-86 72 -74 7 71 -72 93 -99 
-28 -118 -65 -89 -7 -58 2 -4 
7 54 62 101 28 136 -91 109 
-72 62 73 -35 89 -100 -28 -148 
-59 -125 -7 -71 -5 3 7 70 
68 99 27 116 -95 86 -70 61 
75 -2 84 -52 -28 -113 -52 -132 
-8 -113 -12 -51 8 41 74 106 
26 149 -99 116 -67 69 76 -14 
79 -64 -28 -104 -46 -109 -9 -90 
-19 -59 9 3 80 55 24 121 
-102 130 -64 116 77 37 74 -43 
-27 -116 -39 -143 -10 -114 -26 -61 
11 18 85 62 22 107 -105 102 
-60 97 77 52 69 0 -25 -66 
-32 -123 -13 -134 -33 -112 13 -27 
90 47 19 125 -107 134 -56 114 
77 49 63 -15 -23 -66 -25 -104 
-15 -103 -39 -99 16 -48 95 -1 
16 78 -109 122 -52 142 76 101 
58 23 -21 -58 -19 -127 -18 -131 
-45 -111 19 -39 99 12 13 73 
-110 96 -48 110 74 95 52 51 
-17 -4 -13 -85 -22 -125 -51 -146 
23 -90 102 -21 9 71 -110 122 
-44 133 72 101 47 37 -13 -13 
-7 -74 -26 -93 -56 -116 26 -90 
105 -56 6 16 -110 86 -39 134 
69 142 41 85 -9 13 -1 -80 
-31 -118 -60 -135 30 -90 107 -40 
2 21 -109 69 -35 97 65 116 
36 91 -4 56 3 -26 -35 -87 
-65 -144 34 -133 109 -84 -1 0 
-108 81 -31 120 61 130 32 83 
0 41 8 -26 -40 -63 -68 -105 
39 -112 110 -97 -5 -49 -105 30 
-27 95 57 149 27 127 5 81 
13 -13 -46 -79 -71 -126 43 -120 
110 -83 -8 -36 -103 26 -23 63 
52 110 23 110 11 103 16 38 
-51 -31 -74 -108 47 -146 110 -127 
-12 -72 -99 21 -20 80 46 128 
19 111 18 86 20 28 -57 -20 
-75 -70 51 -109 109 -116 -15 -102 
-96 -32 -17 35 40 119 16 141 
24 129 23 57 -62 -22 -77 -87 
56 -123 107 -108 -18 -84 -91 -24 
-14 16 34 78 13 106 31 125 
25 95 -68 31 -77 -46 59 -124 
105 -141 -21 -126 -86 -45 -12 22 
27 95 11 114 37 111 27 77 
-73 27 -77 -19 63 -80 103 -108 
-23 -131 -81 -88 -10 -31 20 61 
9 122 44 146 28 116 -78 40 
-77 -28 66 -97 100 -109 -25 -113 
-75 -70 -8 -33 13 27 8 78 
51 117 28 130 -83 87 -75 24 
69 -72 96 -122 -27 -150 -69 -103 
-7 -40 6 39 7 92 57 110 
28 109 -88 69 -74 35 72 -33 
92 -77 -28 -128 -63 -124 -7 -89 
0 -11 7 75 64 129 28 147 
-92 95 -72 36 74 -47 87 -86 
-28 -115 -56 -101 -7 -75 -7 -30 
7 32 70 83 27 133 -96 122 
-69 89 76 -2 82 -76 -28 -138 
-50 -137 -8 -93 -14 -26 8 48 
76 85 25 115 -100 96 -66 80 
77 22 77 -29 -28 -94 -43 -132 
-9 -126 -21 -81 10 10 82 81 
23 143 -103 128 -63 92 77 15 
72 -43 -26 -90 -36 -109 -11 -99 
-28 -80 12 -20 87 30 21 105 
-106 130 -59 132 77 68 67 -13 
-25 -92 -30 -140 -13 -125 -35 -86 
14 -8 92 40 18 94 -108 102 
-55 106 76 74 61 24 -22 -39 
-23 -109 -16 -134 -41 -131 17 -57 
96 16 15 104 -109 133 -51 126 
75 75 56 8 -19 -43 -17 -93 
-20 -101 -47 -110 20 -69 100 -27 
11 51 -110 109 -47 142 73 124 
50 53 -16 -26 -10 -109 -24 -129 
-53 -126 24 -64 103 -12 8 50 
-110 86 -42 107 71 108 45 71 
-12 24 -5 -60 -28 -111 -58 -150 
28 -113 106 -51 4 40 -110 107 
-38 131 68 118 40 59 -7 11 
0 -54 -32 -82 -62 -115 32 -103 
108 -77 0 -13 -109 62 -34 120 
64 150 35 107 -3 46 5 -51 
-37 -103 -66 -135 36 -106 109 -62 
-2 -5 -107 51 -30 84 60 117 
30 103 2 80 10 3 -42 -63 
-69 -132 40 -143 110 -107 -6 -33 
-105 56 -26 105 55 133 25 98 
8 64 14 -2 -48 -44 -72 -92 
44 -114 110 -109 -10 -76 -102 1 
-22 70 50 140 21 138 14 106 
18 19 -53 -55 -74 -112 49 -125 
110 -97 -13 -60 -98 3 -19 43 
44 98 18 112 20 117 21 66 
-59 -2 -76 -82 53 -140 108 -137 
-16 -99 -94 -9 -16 55 38 117 
15 116 26 100 24 51 -64 1 
-77 -48 57 -99 107 -115 -19 -119 
-89 -59 -13 4 32 96 12 137 
33 141 26 86 -70 6 -77 -62 
61 -115 104 -111 -22 -100 -84 -46 
-11 -6 25 56 10 96 40 125 
27 114 -75 58 -77 -14 64 -103 
102 -136 -24 -141 -79 -73 -9 -6 
18 72 9 107 47 114 28 94 
-80 47 -76 5 68 -60 98 -96 
-26 -134 -73 -108 -8 -59 11 29 
8 104 53 142 28 134 -85 67 
-75 1 70 -77 94 -101 -27 -117 
-67 -86 -7 -54 4 1 7 59 
60 104 28 135 -90 106 -73 56 
73 -41 90 -104 -28 -149 -61 -122 
-7 -66 -3 9 7 74 66 101 
27 115 -94 84 -71 57 75 -7 
86 -56 -28 -116 -54 -132 -7 -109 
-10 -44 8 47 72 110 26 149 
-98 113 -68 64 76 -19 81 -68 
-28 -106 -47 -108 -8 -88 -17 -54 
9 8 78 60 24 124 -101 130 
-65 112 77 30 76 -49 -27 -121 
-41 -143 -10 -111 -24 -55 11 23 
84 66 22 109 -104 102 -61 95 
77 47 70 -5 -26 -71 -34 -125 
-12 -133 -31 -107 13 -20 89 53 
20 129 -107 134 -57 111 77 43 
65 -20 -24 -71 -27 -105 -14 -103 
-37 -97 15 -44 93 4 17 83 
-108 124 -53 141 76 96 59 17 
-21 -64 -21 -130 -18 -130 -43 -107 
18 -34 98 16 14 77 -110 98 
-49 110 75 92 54 47 -18 -10 
-14 -89 -21 -127 -49 -144 22 -85 
101 -15 10 77 -110 124 -45 132 
72 97 48 32 -15 -19 -8 -78 
-25 -95 -54 -116 25 -87 104 -51 
7 22 -110 90 -41 136 70 140 
43 80 -10 7 -3 -85 -29 -121 
-59 -134 29 -85 107 -36 3 26 
-109 72 -36 99 66 116 38 88 
-6 51 2 -32 -34 -92 -63 -146 
33 -131 108 -79 0 6 -108 86 
-32 123 63 129 33 79 -1 36 
7 -31 -39 -66 -67 -108 37 -111 
110 -94 -4 -43 -106 36 -28 100 
58 150 28 125 4 76 11 -20 
-44 -84 -70 -128 42 -118 110 -80 
-7 -31 -104 30 -24 67 53 112 
24 110 10 100 15 32 -50 -36 
-73 -113 46 -146 110 -124 -11 -65 
-100 27 -21 85 48 130 20 109 
16 83 19 23 -55 -24 -75 -74 
50 -110 109 -115 -14 -98 -97 -26 
-18 41 42 124 17 141 22 126 
22 51 -61 -27 -76 -92 54 -124 
108 -107 -18 -81 -92 -19 -15 20 
36 82 14 107 29 124 24 91 
-66 26 -77 -53 58 -127 106 -141 
-20 -122 -88 -39 -12 28 29 99 
11 115 36 110 26 73 -71 23 
-77 -24 62 -84 103 -110 -23 -130 
-82 -84 -10 -25 22 68 9 125 
42 146 28 111 -77 34 -77 -34 
66 -101 100 -110 -25 -111 -77 -66 
-9 -29 15 32 8 81 49 119 
28 128 -82 82 -76 18 69 -78 
97 -126 -27 -149 -71 -98 -8 -34 
8 45 7 95 56 111 28 107 
-87 66 -74 30 71 -37 93 -80 
-28 -130 -65 -122 -7 -85 1 -4 
7 81 62 132 28 145 -91 90 
-72 30 74 -52 89 -88 -28 -116 
-58 -99 -7 -72 -5 -25 7 37 
69 87 27 134 -95 120 -70 84 
75 -9 84 -81 -28 -140 -52 -135 
-8 -89 -12 -20 8 53 75 88 
26 116 -99 94 -67 77 76 17 
79 -34 -28 -99 -45 -133 -9 -124 
-20 -75 9 17 80 87 24 145 
-102 126 -63 88 77 9 74 -48 
-27 -93 -38 -110 -11 -98 -26 -76 
11 -15 86 35 21 109 -105 131 
-60 129 77 62 68 -19 -25 -98 
-31 -141 -13 -123 -33 -81 14 -2 
91 45 19 97 -107 103 -56 105 
77 70 63 19 -23 -45 -25 -112 
-16 -134 -39 -128 16 -51 95 23 
16 109 -109 133 -52 124 76 70 
57 3 -20 -48 -18 -95 -19 -102 
-45 -109 19 -65 99 -22 12 57 
-110 112 -48 143 74 119 52 47 
-17 -32 -12 -113 -22 -129 -51 -123 
23 -59 102 -7 9 55 -110 89 
-43 108 72 106 46 67 -13 18 
-6 -65 -27 -114 -56 -150 27 -109 
105 -45 5 46 -110 110 -39 132 
69 115 41 55 -9 6 -1 -58 
-31 -84 -61 -116 31 -101 107 -73 
1 -7 -109 67 -35 123 65 149 
36 103 -4 39 4 -58 -36 -107 
-65 -135 35 -103 109 -57 -1 0 
-107 55 -31 87 61 118 31 101 
0 76 9 -2 -41 -68 -68 -135 
39 -142 110 -103 -5 -27 -105 61 
-27 108 56 133 27 95 6 59 
13 -7 -46 -48 -71 -95 43 -114 
110 -107 -9 -70 -102 7 -23 75 
51 142 23 136 12 102 17 12 
-51 -60 -74 -115 48 -125 110 -95 
-12 -55 -99 7 -20 47 46 101 
19 112 18 115 20 61 -57 -8 
-76 -88 52 -142 109 -136 -16 -94 
-95 -2 -16 61 40 119 16 115 
25 98 23 47 -63 -2 -77 -53 
56 -101 107 -116 -19 -116 -91 -54 
-14 11 33 101 13 138 31 139 
25 80 -68 0 -77 -68 60 -117 
105 -111 -21 -98 -86 -42 -11 -2 
27 61 11 98 38 126 27 111 
-73 53 -77 -21 63 -108 102 -138 
-24 -139 -80 -68 -10 0 20 77 
9 109 45 114 28 91 -79 44 
-77 0 67 -65 99 -99 -26 -134 
-75 -104 -8 -54 13 36 8 108 
51 144 28 130 -84 61 -75 -4 
70 -81 96 -103 -27 -117 -69 -83 
-7 -50 6 6 7 63 58 108 
28 135 -88 102 -74 49 72 -48 
91 -109 -28 -150 -62 -118 -7 -61 
-1 15 7 78 65 103 28 114 
-93 81 -71 53 74 -12 87 -61 
-28 -119 -56 -131 -7 -106 -8 -38 
8 53 71 114 27 149 -97 109 
-69 58 76 -25 82 -72 -28 -108 
-49 -107 -8 -86 -15 -50 9 13 
77 65 25 127 -100 129 -66 108 
77 23 77 -55 -28 -125 -43 -142 
64 112 35 84 -3 56 5 -17 
-37 -72 -66 -133 36 -135 109 -97 
-2 -18 -107 70 -30 121 60 142 
30 95 2 46 10 -29 -42 -68 
-69 -105 40 -107 110 -91 -6 -51 
-105 19 -26 79 55 139 26 131 
8 97 14 4 -47 -70 -72 -129 
44 -132 110 -93 -10 -39 -102 29 
-22 66 50 108 22 103 14 98 
18 42 -53 -18 -74 -92 49 -139 
110 -133 -13 -89 -98 4 -19 73 
44 134 18 122 20 94 21 29 
-58 -24 -76 -71 53 -105 109 -107 
-16 -98 -94 -38 -16 20 38 104 
15 136 26 137 24 75 -64 -7 
-77 -83 57 -130 107 -119 -19 -91 
-89 -23 -13 20 32 78 12 100 
33 116 26 93 -69 39 -77 -30 
61 -110 104 -138 -22 -137 -84 -63 
-11 9 25 93 10 123 40 120 
27 82 -75 24 -77 -22 64 -79 
102 -100 -24 -122 -79 -88 -9 -42 
18 44 9 110 47 145 28 129 
-80 57 -76 -17 68 -98 98 -117 
-26 -121 -73 -72 -8 -30 11 29 
8 74 53 107 28 122 -85 88 
-75 38 70 -54 94 -111 -27 -152 
-67 -117 -7 -55 4 30 7 95 
60 118 28 116 -90 69 -73 31 
73 -33 90 -71 -28 -117 -61 -118 
-7 -93 -3 -26 7 58 66 119 
27 152 -94 109 -71 51 75 -41 
86 -90 -28 -123 -54 -106 -7 -72 
-10 -26 8 32 72 74 26 122 
-98 117 -68 95 76 14 81 -60 
-28 -131 -47 -145 -8 -108 -17 -40 
9 44 78 89 24 123 -101 99 
-65 77 77 19 76 -27 -27 -84 
-41 -121 -10 -122 -24 -90 11 -6 
84 66 22 139 -104 137 -61 108 
77 26 70 -42 -26 -95 -34 -116 
-12 -99 -31 -76 13 -17 89 25 
20 93 -107 119 -57 130 77 80 
65 4 -24 -78 -27 -139 -14 -135 
-37 -102 15 -17 93 40 17 100 
-108 107 -53 104 76 69 59 22 
-21 -31 -21 -96 -18 -123 -43 -132 
18 -71 98 -1 14 91 -110 134 
-49 138 75 89 54 15 -18 -45 
-14 -99 -21 -104 -49 -107 22 -64 
101 -27 10 42 -110 95 -45 133 
72 127 48 67 -15 -7 -8 -99 
-25 -132 -54 -138 25 -77 104 -16 
7 53 -110 92 -41 107 70 104 
43 66 -10 26 -3 -49 -29 -96 
-59 -142 29 -119 107 -67 3 22 
-109 100 -36 136 66 131 38 70 
-6 14 2 -58 -34 -86 -63 -113 
33 -97 108 -73 0 -18 -108 49 
-32 105 63 145 33 115 -1 63 
7 -35 -39 -99 -67 -142 37 -120 
110 -70 -4 -6 -106 56 -28 86 
58 114 28 96 4 77 11 10 
-44 -49 -70 -118 42 -141 110 -117 
-7 -52 -104 42 -24 102 53 142 
24 110 10 70 15 -2 -49 -49 
-73 -92 46 -109 110 -101 -11 -75 
-100 -6 -21 54 48 127 20 137 
16 119 19 37 -55 -43 -75 -111 
50 -135 109 -108 -14 -65 -97 5 
-18 46 42 97 17 105 22 109 
22 67 -60 8 -76 -65 54 -129 
108 -139 -18 -114 -92 -26 -15 45 
36 119 14 126 29 109 24 54 
-66 -2 -77 -50 58 -96 106 -107 
-20 -113 -88 -62 -12 -8 29 79 
11 128 35 145 26 102 -71 22 
-77 -54 62 -119 104 -121 -23 -108 
-83 -46 -10 -2 22 57 9 91 
42 115 28 109 -77 63 -77 1 
65 -87 100 -130 -25 -148 -77 -90 
-9 -20 15 66 8 113 49 123 
28 100 -82 46 -76 2 69 -60 
97 -89 -27 -124 -71 -104 -8 -67 
8 12 7 89 56 137 28 144 
-87 83 -74 14 71 -74 93 -108 
-28 -125 -65 -90 -7 -51 1 3 
7 56 62 95 28 126 -91 104 
-72 66 74 -24 89 -91 -28 -147 
-58 -134 -7 -82 -5 -2 7 74 
68 108 27 123 -95 85 -70 54 
75 -9 84 -52 -28 -105 -52 -123 
-8 -109 -12 -57 8 30 75 98 
26 150 -99 126 -67 79 76 -10 
79 -70 -28 -113 -45 -114 -9 -87 
-20 -50 9 9 80 53 24 112 
-102 121 -64 115 77 45 74 -31 
-27 -110 -38 -146 -11 -124 -26 -70 
11 17 86 69 21 116 -105 105 
-60 92 77 43 68 -4 -25 -62 
-32 -113 -13 -126 -33 -113 14 -36 
91 36 19 121 -107 140 -56 125 
77 57 63 -16 -23 -74 -25 -111 
-16 -104 -39 -93 16 -40 95 1 
16 72 -109 111 -52 135 76 105 
57 34 -20 -47 -18 -125 -19 -138 
-45 -122 19 -45 99 15 12 81 
-110 103 -48 109 74 88 52 43 
-17 -5 -12 -77 -22 -114 -51 -141 
23 -96 102 -32 9 62 -110 122 
-43 141 72 112 46 41 -13 -18 
-6 -83 -26 -98 -56 -113 27 -82 
105 -49 5 14 -110 77 -39 124 
69 139 41 92 -9 25 -1 -73 
-31 -120 -61 -144 31 -99 107 -42 
1 27 -109 78 -35 100 65 112 
36 82 -4 51 4 -22 -36 -77 
-65 -135 35 -133 109 -93 -1 -11 
-107 76 -31 124 61 141 31 91 
0 41 9 -34 -41 -71 -68 -106 
39 -106 110 -88 -5 -46 -105 24 
-27 84 56 141 27 129 6 91 
13 -2 -46 -75 -71 -132 43 -131 
110 -90 -9 -34 -103 34 -23 70 
51 109 23 103 12 95 17 37 
-51 -23 -74 -97 48 -140 110 -131 
-12 -83 -99 11 -20 79 46 136 
19 121 18 91 20 24 -57 -28 
-76 -75 52 -106 109 -107 -16 -95 
-95 -33 -16 26 40 109 16 137 
25 135 23 69 -62 -13 -77 -88 
56 -132 107 -117 -19 -87 -91 -18 
-14 24 33 81 13 101 31 115 
25 89 -68 34 -77 -36 60 -114 
105 -139 -21 -134 -86 -57 -11 16 
27 98 11 124 38 119 27 77 
-73 20 -77 -27 63 -82 102 -101 
-24 -121 -81 -84 -10 -36 20 50 
9 114 45 146 28 125 -79 51 
-77 -23 67 -102 99 -118 -26 -119 
-75 -68 -8 -25 13 34 8 77 
51 109 28 121 -84 84 -75 31 
70 -60 96 -115 -27 -152 -69 -113 
-7 -50 6 36 7 98 58 120 
28 114 -88 65 -74 26 72 -38 
91 -74 -28 -119 -62 -116 -7 -89 
-1 -20 7 64 64 123 28 151 
-93 105 -71 45 74 -47 87 -93 
-28 -124 -56 -104 -7 -69 -8 -21 
8 36 71 78 27 123 -97 115 
-69 91 76 7 82 -65 -28 -134 
-49 -144 -8 -104 -15 -34 9 50 
77 93 25 123 -100 97 -66 73 
77 14 77 -31 -28 -88 -43 -122 
-9 -121 -22 -85 10 0 82 71 
23 141 -103 136 -62 103 77 20 
72 -47 -26 -98 -36 -116 -11 -97 
-29 -72 12 -13 87 30 20 97 
-106 120 -59 128 77 74 66 -1 
-25 -84 -29 -141 -14 -134 -35 -97 
15 -11 92 45 18 103 -108 107 
-55 103 76 65 61 17 -22 -37 
-23 -100 -17 -124 -42 -130 17 -65 
96 4 15 97 -109 136 -50 136 
75 84 55 10 -19 -50 -16 -101 
-20 -104 -47 -105 21 -61 100 -22 
11 47 -110 98 -46 134 73 124 
50 62 -16 -14 -10 -104 -24 -134 
-53 -136 24 -71 103 -11 8 58 
-110 94 -42 108 71 101 44 62 
-12 21 -4 -54 -28 -100 -58 -143 
28 -116 106 -62 4 29 -110 104 
-38 137 67 129 39 65 -7 8 
0 -62 -33 -88 -62 -113 32 -95 
108 -69 0 -13 -109 54 -33 109 
64 145 34 112 -2 57 5 -42 
-38 -103 -66 -143 36 -117 109 -66 
-3 0 -107 59 -29 89 59 114 
30 94 2 73 10 4 -43 -54 
-70 -121 40 -140 110 -114 -6 -45 
-104 48 -25 107 55 143 25 107 
8 65 14 -8 -48 -53 -72 -95 
45 -109 110 -100 -10 -70 -101 -1 
-22 59 49 130 21 137 14 115 
18 30 -53 -49 -74 -115 49 -135 
110 -105 -13 -60 -98 10 -18 50 
44 99 18 105 20 107 21 63 
-59 3 -76 -71 53 -132 108 -139 
-17 -109 -94 -20 -15 51 37 122 
15 126 27 107 24 49 -64 -6 
-77 -54 57 -98 107 -107 -20 -110 
-89 -58 -13 -2 31 85 12 130 
34 144 26 97 -70 16 -77 -60 
61 -122 104 -121 -22 -105 -84 -42 
-11 1 24 61 10 93 40 116 
27 107 -75 59 -77 -5 65 -92 
101 -132 -24 -147 -79 -85 -9 -14 
17 72 8 115 47 123 28 97 
-80 42 -76 -2 68 -64 98 -91 
-26 -124 -73 -101 -8 -62 10 18 
7 94 54 140 28 141 -85 78 
-75 8 71 -79 94 -110 -27 -125 
-67 -87 -7 -47 3 8 7 60 
60 98 28 126 -90 101 -73 60 
73 -30 90 -95 -28 -149 -60 -131 
-7 -77 -3 4 7 79 67 111 
27 122 -94 82 -70 49 75 -14 
85 -56 -28 -108 -54 -122 -7 -107 
-10 -51 8 36 73 102 26 151 
-98 123 -68 74 76 -16 80 -74 
-28 -115 -47 -112 -8 -84 -18 -46 
9 14 79 58 24 115 -101 121 
-64 111 77 39 75 -37 -27 -115 
-40 -147 -10 -121 -25 -64 11 22 
84 73 22 118 -104 104 -61 89 
77 39 70 -9 -26 -66 -33 -115 
-12 -126 -31 -109 13 -30 89 42 
20 125 -107 140 -57 122 77 51 
64 -21 -24 -79 -27 -113 -15 -103 
-38 -90 16 -35 94 6 17 76 
-108 113 -53 135 76 100 59 28 
-21 -54 -20 -128 -18 -138 -44 -118 
19 -39 98 20 13 85 -110 104 
-49 108 74 84 53 39 -18 -10 
-14 -81 -21 -117 -49 -140 22 -91 
101 -26 10 68 -110 125 -45 141 
72 107 48 36 -14 -24 -8 -86 
-25 -99 -55 -112 26 -79 104 -45 
6 20 -110 81 -40 126 69 138 
42 87 -10 18 -2 -78 -30 -123 
-60 -143 29 -95 107 -37 3 32 
-109 81 -36 102 66 110 37 79 
-5 46 2 -28 -34 -81 -64 -137 
34 -131 109 -88 0 -4 -108 81 
-32 127 62 139 32 87 0 36 
7 -39 -39 -74 -68 -108 38 -105 
110 -86 -4 -40 -106 30 -28 89 
58 142 28 127 4 86 12 -9 
-45 -80 -71 -134 42 -129 110 -86 
-8 -28 -103 38 -24 73 53 111 
24 102 10 92 16 32 -50 -28 
-73 -102 46 -141 110 -129 -11 -77 
-100 17 -20 84 47 137 20 119 
16 87 19 18 -55 -32 -75 -79 
51 -107 109 -106 -15 -91 -96 -28 
-17 32 41 113 17 138 23 132 
22 62 -61 -20 -76 -93 55 -133 
108 -116 -18 -83 -92 -13 -14 28 
35 85 14 102 29 115 25 85 
-66 29 -77 -42 59 -117 106 -140 
-21 -130 -87 -50 -12 22 29 102 
11 124 36 117 26 73 -72 16 
-77 -31 62 -85 103 -103 -23 -120 
-82 -80 -10 -30 22 56 9 117 
43 147 28 121 -77 45 -77 -30 
66 -106 100 -119 -25 -117 -76 -64 
77 85 63 19 -23 -60 -25 -131 
-15 -141 -39 -117 16 -32 95 35 
16 104 -109 116 -52 108 76 68 
57 17 -20 -30 -18 -88 -19 -112 
-45 -127 19 -78 99 -18 12 75 
-110 129 -48 145 74 106 52 28 
-17 -41 -12 -105 -22 -111 -51 -109 
23 -61 102 -23 9 38 -110 85 
-43 121 72 125 46 77 -13 10 
-6 -84 -26 -129 -56 -148 27 -92 
105 -27 5 52 -110 99 -39 113 
69 104 41 61 -9 24 -1 -43 
-31 -85 -61 -131 30 -119 107 -79 
2 3 -109 87 -35 135 65 143 
36 85 -4 23 4 -59 -36 -92 
-65 -117 35 -96 109 -67 -1 -18 
-107 42 -31 91 61 135 31 117 
0 77 8 -17 -41 -87 -68 -143 
39 -133 110 -83 -5 -13 -105 58 
-27 92 56 116 27 92 6 72 
13 11 -46 -39 -71 -103 43 -133 
110 -121 -9 -68 -103 24 -23 93 
51 146 23 123 12 82 17 1 
-51 -53 -74 -97 47 -110 110 -96 
-12 -71 -99 -9 -20 42 46 113 
19 131 18 125 20 54 -57 -26 
-76 -104 52 -142 109 -121 -16 -75 
-95 3 -16 50 40 101 16 103 
25 103 23 64 -62 13 -77 -52 
56 -116 107 -135 -19 -123 -91 -44 
-14 30 33 114 13 134 31 122 
25 63 -68 -2 -77 -54 60 -98 
105 -103 -21 -106 -86 -60 -11 -15 
27 64 11 115 38 143 27 114 
-73 40 -77 -40 63 -118 102 -130 
-24 -120 -81 -53 -10 -1 20 61 
9 91 45 109 28 103 -79 62 
-77 11 67 -72 99 -118 -26 -149 
-75 -104 -8 -38 13 54 8 114 
51 133 28 111 -84 50 -75 0 
70 -63 96 -87 -27 -116 -69 -98 
-7 -68 6 0 7 73 58 127 
28 147 -88 98 -74 32 72 -65 
91 -111 -28 -136 -63 -99 -7 -52 
-1 6 7 59 64 90 28 118 
-93 98 -71 70 74 -10 87 -74 
-28 -138 -56 -140 -7 -97 -8 -18 
8 68 71 113 27 133 -97 92 
-69 54 76 -13 82 -53 -28 -99 
-49 -114 -8 -104 -15 -64 9 14 
77 81 25 145 -100 134 -66 96 
77 4 77 -66 -28 -119 -43 -124 
-9 -92 -22 -49 10 13 82 52 
23 104 -103 112 -62 111 77 54 
72 -15 -26 -94 -36 -143 -11 -134 
-29 -88 12 4 87 67 21 123 
-106 114 -59 95 77 41 66 -8 
-25 -58 -29 -104 -14 -116 -35 -112 
14 -47 92 18 18 107 -108 139 
-55 137 76 74 61 -6 -22 -74 
-23 -119 -17 -111 -42 -94 17 -36 
96 3 15 66 -109 101 -50 126 
75 106 55 46 -19 -29 -16 -113 
-20 -139 -47 -135 21 -61 100 6 
11 83 -110 111 -46 113 73 87 
50 39 -16 -5 -10 -70 -24 -102 
-53 -133 24 -99 103 -47 8 44 
-110 113 -42 145 71 126 44 55 
-12 -12 -4 -86 -28 -105 -58 -116 
28 -79 106 -45 4 12 -110 68 
-38 111 67 134 39 98 -7 42 
0 -55 -33 -113 -62 -150 32 -114 
108 -54 0 22 -109 83 -33 106 
64 113 34 77 -2 48 5 -19 
-37 -66 -66 -122 36 -129 109 -101 
-3 -30 -107 60 -29 119 59 149 
30 105 2 52 10 -32 -43 -76 
-70 -111 40 -105 110 -83 -6 -43 
-104 19 -25 71 55 129 25 127 
8 102 14 15 -48 -61 -72 -129 
45 -141 110 -103 -10 -43 -101 34 
-22 75 49 113 21 100 14 89 
18 36 -53 -16 -74 -82 49 -129 
110 -131 -13 -96 -98 -6 -18 66 
44 136 18 132 20 103 21 30 
-59 -31 -76 -80 53 -108 108 -102 
-17 -90 -94 -33 -15 16 38 93 
15 127 27 137 24 84 -64 3 
-77 -77 57 -135 107 -129 -20 -99 
-89 -22 -13 27 31 85 12 101 
34 109 26 84 -70 36 -77 -23 
61 -99 104 -131 -22 -139 -84 -73 
-11 0 24 90 10 129 40 130 
27 88 -75 22 -77 -30 65 -85 
101 -98 -24 -114 -79 -80 -9 -41 
17 36 8 99 47 140 28 133 
-80 68 -76 -7 68 -97 98 -125 
-26 -131 -73 -76 -8 -25 10 37 
7 79 54 104 28 113 -85 81 
-75 39 71 -45 94 -101 -27 -149 
-67 -124 -7 -67 3 21 7 96 
60 127 28 125 -90 71 -73 25 
73 -42 90 -74 -28 -111 -60 -108 
-7 -87 -3 -30 7 48 67 109 
27 151 -94 117 -70 63 75 -34 
85 -93 -28 -132 -54 -114 -7 -72 
-10 -19 8 40 73 75 26 115 
-98 107 -68 92 76 19 80 -49 
-28 -122 -47 -146 -8 -117 -18 -51 
9 40 79 94 24 132 -101 105 
-64 75 77 11 75 -33 -27 -83 
-40 -113 -10 -113 -24 -89 11 -13 
84 54 22 132 -104 140 -61 118 
77 37 70 -40 -26 -101 -33 -125 
-12 -103 -31 -72 13 -9 89 30 
20 90 -107 110 -57 122 77 80 
64 13 -24 -67 -27 -134 -15 -140 
-38 -113 15 -26 94 41 17 108 
-108 116 -53 106 76 64 59 13 
-21 -35 -20 -91 -18 -113 -44 -126 
18 -73 98 -11 13 81 -110 131 
-49 145 74 101 53 22 -18 -47 
-14 -108 -21 -111 -49 -107 22 -57 
101 -19 10 43 -110 88 -45 123 
72 122 48 72 -14 3 -8 -90 
-25 -131 -55 -147 25 -87 104 -21 
6 57 -110 101 -40 113 70 102 
43 58 -10 19 -2 -48 -30 -88 
-60 -132 29 -116 107 -74 3 10 
-109 92 -36 137 66 141 37 80 
-5 17 2 -64 -34 -95 -64 -117 
33 -94 109 -64 0 -13 -108 47 
-32 95 62 136 33 114 0 72 
7 -24 -39 -92 -67 -145 38 -130 
110 -79 -4 -7 -106 63 -28 94 
58 116 28 90 4 69 12 6 
-45 -44 -71 -107 42 -133 110 -118 
-8 -62 -103 31 -24 98 53 148 
24 121 10 77 16 -3 -50 -57 
-73 -99 46 -110 110 -94 -11 -66 
-100 -4 -21 47 47 116 20 131 
16 122 19 48 -55 -33 -75 -109 
51 -143 109 -118 -15 -70 -96 9 
-17 55 41 103 17 103 23 101 
22 60 -61 8 -76 -57 55 -119 
108 -135 -18 -119 -92 -38 -14 36 
35 119 14 134 29 119 25 58 
-66 -7 -77 -59 59 -100 106 -103 
-21 -104 -87 -56 -12 -10 29 69 
11 118 36 143 26 110 -72 34 
-77 -47 62 -121 103 -131 -23 -117 
-82 -48 -10 3 22 65 9 93 
43 110 28 100 -77 58 -77 5 
66 -77 100 -121 -25 -148 -76 -99 
-9 -32 15 61 8 117 49 133 
28 108 -82 45 -76 -4 69 -67 
97 -89 -27 -116 -71 -95 -8 -64 
8 5 7 78 56 130 28 145 
-87 93 -74 25 71 -71 93 -114 
-28 -135 -64 -96 -7 -48 0 11 
7 63 63 93 28 117 -92 96 
-72 65 74 -16 88 -79 -28 -141 
-58 -138 -7 -93 -6 -11 7 73 
69 116 27 132 -96 89 -70 49 
75 -18 84 -57 -28 -101 -51 -114 
-8 -102 -13 -58 8 20 75 87 
26 146 -99 132 -67 91 77 -2 
78 -71 -28 -122 -44 -123 -9 -89 
-20 -44 10 18 81 56 24 107 
-103 112 -63 109 77 48 73 -21 
-27 -100 -38 -145 -11 -132 -27 -82 
11 10 86 72 21 125 -105 113 
-60 92 77 36 68 -12 -25 -63 
-31 -106 -13 -116 -34 -109 14 -42 
91 24 19 112 -107 140 -56 134 
77 68 62 -12 -23 -79 -24 -121 
-16 -110 -40 -91 17 -32 95 7 
15 71 -109 103 -52 126 76 102 
57 41 -20 -35 -18 -117 -19 -140 
-46 -132 20 -55 99 12 12 87 
-110 112 -47 113 74 83 51 34 
-17 -10 -12 -74 -23 -105 -51 -133 
23 -95 103 -41 9 50 -110 117 
-43 146 71 123 46 50 -13 -18 
-6 -90 -27 -107 -57 -115 27 -76 
105 -41 5 18 -110 71 -39 113 
68 132 41 94 -8 35 0 -62 
-31 -117 -61 -150 31 -110 107 -49 
1 29 -109 86 -35 108 65 112 
36 75 -4 43 4 -24 -36 -70 
-65 -125 35 -128 109 -97 -2 -23 
-107 66 -30 123 61 148 31 101 
1 46 9 -38 -41 -80 -69 -112 
39 -104 110 -80 -5 -39 -105 24 
-26 75 56 131 26 126 6 98 
13 8 -46 -67 -72 -133 44 -140 
110 -99 -9 -37 -102 39 -23 78 
51 114 22 99 12 86 17 31 
-52 -21 -74 -87 48 -130 110 -129 
-13 -91 -99 0 -19 72 45 139 
19 131 19 99 20 25 -57 -35 
-76 -83 52 -108 109 -101 -16 -86 
-95 -29 -16 21 39 98 15 129 
25 136 23 78 -63 -2 -77 -83 
56 -137 107 -127 -19 -94 -90 -17 
-14 32 33 88 13 101 32 108 
25 81 -68 32 -77 -29 60 -103 
105 -132 -21 -137 -85 -67 -11 5 
26 95 11 130 38 129 27 83 
-74 17 -77 -35 64 -88 102 -99 
-24 -113 -80 -76 -9 -36 19 42 
9 103 45 141 28 130 -79 62 
-76 -14 67 -101 99 -126 -26 -129 
-74 -72 -8 -20 12 42 8 82 
52 105 28 112 -84 78 -75 33 
70 -51 95 -105 -27 -149 -68 -120 
-7 -61 5 28 7 100 58 129 
28 122 -89 67 -73 20 72 -46 
91 -77 -28 -113 -62 -107 -7 -84 
-1 -24 7 53 65 113 28 150 
-93 114 -71 56 74 -41 87 -97 
-28 -133 -55 -111 -7 -68 -8 -14 
8 44 71 78 26 116 -97 106 
-69 88 76 13 82 -54 -28 -126 
-49 -145 -8 -114 -16 -45 9 46 
77 98 25 133 -101 102 -65 71 
77 6 77 -37 -28 -86 -42 -113 
-10 -112 -23 -84 10 -8 83 60 
23 135 -104 140 -62 114 77 30 
71 -45 -26 -105 -35 -125 -11 -101 
-29 -67 12 -4 88 35 20 93 
-106 111 -58 120 77 75 66 7 
-24 -73 -29 -136 -14 -139 -36 -108 
15 -19 93 46 17 111 -108 116 
-54 104 76 59 60 9 -22 -40 
-22 -94 -17 -114 -42 -124 18 -68 
97 -5 14 87 -109 133 -50 144 
75 95 55 16 -19 -53 -16 -110 
-20 -111 -48 -105 21 -53 101 -15 
11 48 -110 91 -46 124 73 120 
49 67 -15 -3 -10 -95 -24 -133 
-53 -145 24 -82 104 -15 7 63 
-110 103 -42 114 70 99 44 54 
-11 14 -4 -53 -28 -91 -58 -133 
28 -113 106 -69 4 17 -110 97 
-37 139 67 138 39 75 -7 11 
1 -69 -33 -97 -63 -117 32 -91 
108 -60 0 -8 -108 51 -33 99 
63 136 34 112 -2 66 6 -30 
-38 -97 -67 -147 37 -127 109 -74 
-3 -1 -107 67 -29 97 59 116 
29 88 3 65 11 1 -43 -49 
-70 -111 41 -133 110 -115 -7 -55 
-104 37 -25 103 54 149 25 118 
8 72 15 -9 -48 -61 -73 -102 
45 -109 110 -92 -10 -62 -101 0 
73 -50 90 -108 -28 -144 -60 -113 
-7 -60 -3 6 7 64 67 92 
27 114 -94 91 -71 68 75 -2 
85 -60 -28 -125 -54 -139 -7 -109 
-10 -37 8 55 73 111 26 143 
-98 104 -68 60 76 -14 80 -58 
-28 -98 -47 -109 -8 -97 -17 -64 
9 4 79 65 24 133 -101 135 
-65 110 77 22 75 -55 -27 -120 
-40 -135 -10 -102 -24 -53 11 16 
84 55 22 102 -104 105 -61 105 
77 56 70 -3 -26 -78 -33 -134 
-12 -137 -31 -103 13 -12 89 58 
20 126 -107 125 -57 103 77 43 
64 -12 -24 -60 -27 -100 -15 -107 
-38 -107 15 -52 94 4 17 91 
-108 132 -53 143 76 91 59 9 
-21 -67 -20 -125 -18 -121 -44 -101 
18 -36 98 7 13 67 -110 95 
-49 116 74 103 53 53 -18 -13 
-14 -98 -21 -134 -49 -144 22 -78 
101 -7 10 79 -110 118 -45 123 
72 92 48 36 -14 -8 -8 -69 
-25 -94 -55 -124 25 -97 104 -56 
6 26 -110 99 -40 142 70 138 
43 72 -10 0 -2 -85 -30 -113 
-59 -124 29 -82 107 -41 3 15 
-109 65 -36 101 66 125 37 97 
-5 54 2 -38 -34 -100 -64 -150 
33 -127 109 -70 0 12 -108 84 
-32 114 62 120 33 78 0 44 
7 -20 -39 -61 -67 -111 38 -121 
110 -103 -4 -44 -106 43 -28 108 
58 152 28 119 4 67 12 -24 
-44 -79 -71 -118 42 -111 110 -81 
-8 -40 -103 20 -24 63 53 117 
24 120 10 107 16 31 -50 -44 
-73 -120 46 -147 110 -117 -11 -57 
-100 29 -21 79 47 120 20 103 
16 86 19 33 -55 -14 -75 -72 
51 -117 109 -125 -15 -104 -96 -23 
-17 49 42 130 17 140 23 118 
22 43 -61 -28 -76 -84 55 -114 
108 -102 -18 -86 -92 -30 -14 12 
35 82 14 115 29 133 25 94 
-66 21 -77 -61 59 -132 106 -138 
-21 -114 -87 -33 -12 26 29 90 
11 106 36 107 26 80 -72 34 
-77 -17 62 -86 103 -119 -23 -138 
-82 -85 -10 -19 22 76 9 128 
43 141 28 102 -77 29 -77 -30 
66 -91 100 -101 -25 -111 -77 -74 
-9 -40 15 27 8 85 49 129 
28 135 -82 81 -76 10 69 -85 
97 -126 -27 -142 -71 -89 -8 -31 
8 39 7 85 56 104 28 109 
-87 75 -74 40 71 -34 93 -86 
-28 -139 -64 -128 -7 -82 0 3 
7 87 63 130 28 137 -92 82 
-72 29 74 -45 88 -78 -28 -110 
-58 -103 -7 -82 -6 -34 7 36 
69 94 27 143 -96 124 -70 79 
75 -17 84 -86 -28 -137 -51 -126 
-8 -81 -13 -21 8 44 75 78 
26 112 -99 100 -67 87 77 25 
79 -35 -28 -107 -45 -141 -9 -126 
-20 -69 10 25 81 90 24 139 
-103 117 -63 82 77 12 73 -38 
-27 -83 -38 -108 -11 -105 -27 -86 
11 -21 86 38 21 118 -105 138 
-60 129 77 55 68 -27 -25 -99 
-31 -134 -13 -114 -34 -77 14 -7 
91 34 19 89 -107 103 -56 113 
77 80 62 23 -23 -49 -24 -121 
-16 -140 -40 -126 16 -43 95 29 
16 108 -109 125 -52 115 76 67 
57 10 -20 -37 -18 -89 -19 -104 
-46 -118 20 -75 99 -24 12 63 
-110 121 -47 147 74 115 51 38 
-17 -37 -12 -110 -23 -120 -51 -115 
23 -59 103 -15 9 44 -110 84 
-43 112 71 116 46 75 -13 18 
-6 -73 -27 -122 -56 -151 27 -103 
105 -37 5 50 -110 106 -39 122 
68 108 41 57 -8 16 0 -48 
-31 -81 -61 -122 31 -111 107 -80 
1 -5 -109 76 -35 130 65 149 
36 96 -4 31 4 -59 -36 -100 
-65 -125 35 -98 109 -61 -2 -10 
-107 46 -30 86 61 125 31 111 
1 80 9 -6 -41 -77 -69 -141 
39 -140 110 -95 -5 -20 -105 61 
-27 100 56 124 26 92 6 65 
13 3 -46 -41 -72 -96 44 -123 
110 -116 -9 -73 -102 13 -23 84 
51 146 22 132 12 93 17 6 
-52 -58 -74 -106 48 -116 110 -93 
-12 -63 -99 -2 -19 41 45 104 
19 121 19 123 20 61 -57 -15 
-76 -96 52 -144 109 -130 -16 -85 
-95 1 -16 56 39 110 15 107 
25 98 23 56 -63 7 -77 -48 
56 -106 107 -126 -19 -123 -90 -53 
-14 19 33 108 13 138 32 132 
25 72 -68 -1 -77 -61 60 -107 
105 -105 -21 -100 -86 -51 -11 -12 
26 59 11 105 38 135 27 116 
-74 50 -77 -29 64 -114 102 -136 
-24 -131 -80 -60 -9 0 19 69 
9 99 45 109 28 96 -79 54 
-76 9 67 -65 99 -107 -26 -143 
-74 -107 -8 -49 12 44 8 113 
52 140 28 122 -84 55 -75 -3 
70 -72 95 -93 -27 -114 -68 -90 
-7 -61 5 0 7 65 58 116 
28 143 -89 104 -73 43 72 -56 
91 -111 -28 -144 -62 -109 -7 -55 
-1 11 7 68 65 95 28 114 
-93 89 -71 64 74 -7 87 -65 
-28 -128 -55 -138 -7 -105 -8 -30 
8 61 71 115 27 143 -97 100 
-69 55 76 -20 82 -61 -28 -101 
-49 -108 -8 -95 -16 -60 9 10 
77 71 25 136 -101 134 -65 105 
77 15 77 -61 -28 -123 -42 -134 
-10 -99 -23 -48 10 21 83 59 
23 105 -104 104 -62 102 77 51 
71 -8 -26 -83 -35 -136 -11 -136 
-29 -98 12 -5 88 64 20 129 
-106 124 -58 100 77 38 66 -16 
-24 -64 -29 -102 -14 -108 -36 -104 
15 -47 93 10 17 96 -108 134 
-54 141 76 85 60 2 -22 -73 
-22 -127 -17 -120 -42 -97 18 -31 
97 11 14 71 -109 97 -50 116 
75 99 55 48 -19 -19 -16 -103 
-20 -136 -48 -142 21 -72 100 0 
11 84 -110 120 -46 122 73 89 
49 32 -15 -13 -10 -72 -24 -96 
-53 -124 24 -94 104 -51 7 33 
-110 103 -42 143 70 135 44 66 
-11 -6 -4 -90 -28 -114 -58 -123 
28 -79 106 -37 4 20 -110 68 
-37 103 67 124 39 94 -7 48 
1 -44 -33 -105 -63 -151 32 -123 
108 -65 0 18 -108 88 -33 115 
63 119 34 75 -2 39 6 -25 
-38 -64 -66 -113 36 -120 109 -99 
-3 -37 -107 49 -29 112 59 152 
29 116 3 61 10 -30 -43 -83 
-70 -120 41 -109 110 -78 -7 -35 
-104 24 -25 67 54 119 25 119 
8 103 15 25 -48 -50 -73 -124 
45 -146 110 -114 -10 -51 -101 35 
-21 83 49 121 21 102 15 83 
18 28 -54 -19 -75 -76 49 -119 
110 -124 -14 -99 -98 -17 -18 56 
43 133 17 139 21 114 21 37 
-59 -33 -76 -88 54 -115 108 -101 
-17 -82 -93 -25 -15 17 37 86 
14 117 27 132 24 89 -65 14 
-77 -68 58 -135 106 -137 -20 -109 
-89 -27 -13 32 31 94 12 106 
34 106 26 76 -70 29 -77 -22 
61 -90 104 -121 -22 -136 -84 -80 
-11 -12 24 82 10 131 41 140 
27 98 -76 24 -77 -36 65 -94 
101 -102 -25 -110 -78 -71 -9 -35 
17 32 8 89 48 130 28 132 
-81 76 -76 3 68 -91 98 -129 
-26 -141 -72 -85 -8 -25 10 44 
7 87 54 105 28 107 -86 72 
-75 35 71 -40 94 -90 -27 -141 
-66 -125 -7 -77 2 10 7 92 
61 132 28 135 -90 78 -73 24 
73 -50 90 -81 -28 -111 -60 -101 
-7 -79 -4 -28 7 41 67 98 
27 144 -95 121 -70 74 75 -24 
85 -91 -28 -139 -53 -124 -8 -77 
-11 -16 8 48 73 81 26 113 
-98 99 -67 84 76 19 80 -40 
-28 -111 -46 -141 -9 -123 -18 -63 
9 31 79 95 24 141 -102 114 
-64 78 77 6 75 -42 -27 -87 
-40 -109 -10 -104 -25 -82 11 -16 
85 44 22 121 -105 138 -61 125 
77 48 69 -33 -26 -104 -33 -135 
-12 -112 -32 -73 13 -2 90 38 
19 92 -107 104 -57 112 77 76 
64 17 -24 -56 -26 -125 -15 -140 
-38 -122 16 -37 94 35 16 112 
-109 126 -53 113 76 63 58 5 
-21 -42 -20 -91 -18 -105 -44 -117 
19 -70 98 -18 13 69 -110 124 
-49 146 74 111 53 32 -18 -44 
-13 -114 -22 -121 -50 -113 22 -54 
102 -11 10 49 -110 86 -44 114 
72 114 47 71 -14 11 -7 -78 
-26 -125 -55 -151 26 -98 105 -31 
6 56 -110 109 -40 122 69 105 
42 53 -10 11 -2 -52 -30 -84 
-60 -123 30 -109 107 -75 2 0 
-109 81 -36 133 66 147 37 91 
-5 25 3 -65 -35 -103 -64 -125 
34 -95 109 -57 -1 -5 -108 50 
-32 89 62 126 32 109 0 75 
8 -13 -40 -82 -68 -143 38 -138 
110 -90 -4 -13 -106 66 -28 103 
57 123 28 89 5 61 12 -1 
-45 -45 -71 -100 42 -123 110 -114 
-8 -67 -103 19 -24 89 52 148 
23 130 11 88 16 0 -50 -62 
-73 -109 47 -115 110 -91 -12 -58 
-100 1 -20 45 47 107 20 122 
17 120 19 55 -56 -21 -75 -101 
51 -145 109 -128 -15 -80 -96 7 
-17 61 41 112 16 107 23 96 
22 51 -61 3 -77 -53 55 -109 
108 -126 -18 -120 -92 -47 -14 25 
35 113 13 139 30 130 25 66 
-67 -7 -77 -66 59 -109 106 -104 
-21 -98 -87 -47 -12 -7 28 64 
11 107 37 136 27 112 -72 44 
-77 -36 63 -118 103 -137 -23 -127 
-82 -55 -10 5 21 74 9 100 
43 109 28 93 -78 50 -77 4 
66 -69 100 -110 -25 -143 -76 -103 
-8 -43 14 51 8 116 50 141 
28 118 -83 50 -76 -9 69 -76 
96 -95 -27 -114 -70 -87 -7 -57 
7 4 7 69 57 119 28 142 
-87 99 -74 36 72 -62 92 -115 
-28 -144 -64 -105 -7 -50 0 17 
7 72 63 97 28 113 -92 87 
-72 59 74 -13 88 -69 -28 -131 
-57 -136 -7 -101 -6 -23 7 66 
69 119 27 142 -96 97 -69 50 
75 -25 83 -65 -28 -103 -51 -108 
-8 -93 -14 -55 8 15 75 76 
25 138 -100 132 -66 100 77 8 
78 -66 -28 -127 -44 -133 -9 -95 
-21 -43 10 26 81 63 23 106 
-103 104 -63 100 77 46 73 -14 
-27 -88 -37 -138 -11 -134 -27 -92 
12 0 86 70 21 132 -105 123 
-59 97 77 33 67 -20 -25 -68 
-30 -104 -13 -108 -34 -101 14 -42 
91 16 18 101 -108 135 -55 139 
77 79 62 -3 -23 -79 -24 -129 
-16 -119 -40 -94 17 -26 96 16 
15 75 -109 99 -51 116 75 96 
56 43 -20 -25 -17 -107 -19 -137 
-46 -139 20 -67 100 5 12 89 
-110 121 -47 121 74 85 51 28 
-16 -18 -11 -76 -23 -98 -52 -123 
23 -91 103 -45 8 39 -110 107 
56 -123 107 -109 -19 -86 -91 -26 
-14 13 33 76 13 105 32 125 
25 97 -68 34 -77 -43 60 -122 
105 -141 -21 -128 -86 -48 -11 19 
26 93 11 114 38 112 27 79 
-74 29 -77 -16 64 -78 102 -107 
-24 -131 -80 -90 -9 -34 19 58 
9 121 45 146 28 118 -79 43 
-76 -25 67 -95 99 -108 -26 -114 
-74 -71 -8 -35 12 24 8 76 
52 116 28 130 -84 89 -75 28 
70 -69 95 -121 -27 -150 -68 -105 
-7 -42 5 36 7 90 58 110 
28 110 -89 71 -73 37 72 -30 
91 -75 -28 -127 -62 -125 -7 -92 
-1 -14 7 73 65 127 28 147 
-93 97 -71 39 74 -44 87 -84 
-28 -114 -56 -102 -7 -76 -8 -32 
8 30 71 81 27 133 -97 123 
-69 92 76 0 82 -74 -28 -136 
-49 -138 -8 -95 -15 -29 9 45 
77 83 25 115 -101 97 -65 82 
77 25 77 -26 -28 -92 -42 -132 
-10 -127 -22 -84 10 7 83 79 
23 142 -104 129 -62 95 77 17 
71 -41 -26 -88 -35 -109 -11 -99 
-29 -82 12 -22 88 27 20 103 
-106 130 -58 133 77 71 66 -10 
-24 -90 -29 -139 -14 -126 -36 -89 
15 -10 92 38 18 93 -108 102 
-54 107 76 76 60 26 -22 -36 
-22 -107 -17 -133 -42 -133 18 -60 
97 13 14 101 -109 132 -50 127 
75 77 55 11 -19 -41 -16 -92 
-20 -101 -48 -111 21 -71 100 -29 
11 49 -110 107 -46 142 73 125 
49 56 -15 -22 -10 -107 -24 -128 
-53 -127 24 -66 104 -14 7 48 
-110 85 -42 107 70 109 44 73 
-11 26 -4 -57 -28 -109 -58 -150 
28 -115 106 -54 4 36 -110 105 
-37 130 67 119 39 62 -7 14 
1 -52 -33 -80 -63 -114 32 -104 
108 -79 0 -16 -108 60 -33 118 
63 150 34 109 -2 49 6 -48 
-38 -102 -66 -134 36 -108 109 -64 
-3 -7 -107 49 -29 82 59 117 
29 104 3 82 10 6 -43 -61 
-70 -130 41 -144 110 -109 -7 -37 
-104 53 -25 103 54 133 25 100 
8 66 15 0 -48 -42 -72 -90 
45 -114 110 -110 -10 -78 -101 0 
-22 67 49 138 21 138 14 109 
18 22 -54 -52 -75 -110 49 -125 
110 -99 -14 -62 -98 1 -18 40 
43 97 17 111 21 118 21 69 
-59 0 -76 -80 53 -139 108 -138 
-17 -102 -93 -12 -15 53 37 115 
14 116 27 102 24 54 -65 3 
-77 -46 57 -97 106 -115 -20 -120 
-89 -62 -13 1 31 93 12 136 
34 142 26 89 -70 9 -77 -59 
61 -114 104 -112 -22 -102 -84 -48 
-11 -9 24 54 10 94 41 125 
27 116 -76 61 -77 -11 65 -101 
101 -136 -24 -142 -78 -76 -9 -9 
17 69 8 106 47 114 28 96 
-81 49 -76 8 68 -58 98 -95 
-26 -133 -72 -109 -8 -62 10 25 
7 102 54 141 28 135 -86 69 
-75 4 71 -74 94 -100 -27 -117 
-66 -88 -7 -56 3 -1 7 57 
61 103 28 135 -90 108 -73 59 
73 -38 90 -102 -28 -148 -60 -124 
-7 -68 -4 6 7 72 67 100 
27 116 -95 85 -70 59 75 -5 
85 -54 -28 -115 -53 -132 -8 -111 
-11 -48 8 44 73 108 26 149 
-98 115 -67 66 76 -16 80 -66 
-28 -105 -46 -108 -9 -89 -18 -56 
9 6 79 58 24 123 -102 130 
-64 114 77 33 75 -46 -27 -119 
-40 -143 -10 -112 -25 -58 11 20 
84 64 22 108 -105 102 -61 96 
77 50 69 -2 -26 -69 -33 -124 
-12 -134 -32 -110 13 -24 90 50 
19 127 -107 134 -57 113 77 46 
64 -18 -24 -68 -26 -104 -15 -103 
-38 -98 16 -46 94 1 16 81 
-109 123 -53 141 76 99 58 20 
-21 -61 -20 -128 -18 -131 -44 -109 
19 -37 98 14 13 75 -110 97 
-49 110 74 94 53 49 -18 -7 
-14 -87 -22 -126 -50 -145 22 -88 
102 -18 10 74 -110 123 -44 133 
72 99 47 35 -14 -16 -7 -76 
-26 -94 -55 -116 26 -89 105 -54 
6 19 -110 88 -40 135 69 141 
42 82 -10 10 -2 -83 -30 -119 
-60 -134 30 -88 107 -38 2 23 
-109 71 -36 98 66 116 37 89 
-5 54 3 -29 -35 -89 -64 -145 
34 -132 109 -82 0 3 -108 84 
-32 121 62 130 32 81 0 39 
8 -29 -40 -65 -68 -106 38 -112 
110 -96 -4 -46 -106 33 -28 97 
57 149 28 126 5 79 12 -17 
-45 -81 -71 -127 42 -119 110 -82 
-8 -33 -103 28 -24 65 52 111 
23 110 11 102 16 35 -50 -33 
-73 -110 47 -146 110 -126 -12 -69 
-100 24 -20 83 47 129 20 110 
17 85 19 25 -56 -22 -75 -72 
51 -110 109 -115 -15 -100 -96 -29 
-17 38 41 122 16 141 23 128 
22 54 -61 -25 -76 -90 55 -124 
108 -107 -18 -83 -92 -21 -14 18 
35 80 13 107 30 125 25 93 
-67 29 -77 -50 59 -125 106 -141 
-21 -124 -87 -42 -12 25 28 97 
11 115 36 110 26 75 -72 25 
-77 -21 63 -82 103 -109 -23 -130 
-82 -86 -10 -28 21 64 9 124 
43 146 28 113 -78 37 -77 -31 
66 -99 100 -109 -25 -112 -76 -68 
-8 -31 14 29 8 79 50 118 
28 129 -83 85 -76 21 69 -75 
96 -124 -27 -150 -70 -100 -7 -37 
7 42 7 93 57 111 28 108 
-87 67 -74 33 72 -35 92 -79 
-28 -129 -64 -123 -7 -87 0 -7 
7 78 63 130 28 146 -92 92 
-72 33 74 -50 88 -87 -28 -115 
-57 -100 -7 -73 -6 -27 7 34 
69 85 27 134 -96 121 -69 87 
75 -5 83 -79 -28 -139 -51 -136 
-8 -91 -13 -23 8 50 75 86 
25 116 -100 95 -66 79 77 20 
78 -31 -28 -97 -44 -132 -9 -125 
-21 -78 10 13 81 84 23 144 
-103 127 -63 90 77 12 73 -45 
-27 -91 -37 -110 -11 -98 -27 -78 
12 -18 86 33 21 107 -105 130 
-59 130 77 65 67 -16 -25 -95 
-31 -140 -13 -124 -34 -84 14 -5 
91 42 18 96 -107 103 -55 105 
77 72 62 21 -23 -42 -24 -111 
-16 -134 -40 -130 17 -54 96 19 
15 106 -109 133 -51 125 75 72 
56 6 -20 -46 -18 -94 -19 -102 
-46 -110 20 -67 99 -24 12 54 
-110 110 -47 143 74 122 51 50 
-16 -29 -11 -111 -23 -129 -52 -124 
23 -61 103 -9 8 53 -110 88 
-43 108 71 107 46 69 -13 21 
-5 -63 -27 -112 -57 -150 27 -111 
106 -48 5 43 -110 109 -39 131 
68 117 40 57 -8 9 0 -56 
-32 -83 -61 -115 31 -102 108 -75 
1 -10 -109 65 -34 121 65 149 
35 105 -3 43 4 -54 -36 -105 
-65 -135 35 -105 109 -60 -2 -2 
-107 53 -30 85 60 117 30 102 
1 78 9 0 -42 -66 -69 -133 
40 -143 110 -105 -6 -30 -105 58 
-26 107 56 133 26 97 7 61 
14 -4 -47 -46 -72 -94 44 -114 
110 -108 -9 -73 -102 4 -22 72 
50 141 22 137 13 104 17 15 
-52 -57 -74 -113 48 -125 110 -96 
-13 -57 -99 5 -19 45 45 100 
18 112 19 116 21 63 -58 -5 
-76 -85 52 -141 109 -137 -16 -97 
-95 -6 -16 58 39 118 15 115 
26 99 23 49 -63 0 -77 -50 
56 -100 107 -116 -19 -118 -90 -57 
-13 8 32 99 13 137 32 140 
25 83 -69 3 -77 -65 60 -116 
105 -111 -22 -99 -85 -44 -11 -4 
26 59 10 97 39 125 27 113 
-74 56 -77 -17 64 -106 102 -137 
-24 -140 -80 -70 -9 -3 19 74 
9 108 46 114 28 93 -79 46 
-76 3 67 -63 99 -98 -26 -134 
-74 -106 -8 -57 12 32 8 106 
52 143 28 132 -84 64 -75 -1 
70 -79 95 -102 -27 -117 -68 -85 
-7 -52 5 3 7 61 59 106 
28 135 -89 104 -73 53 72 -45 
91 -107 -28 -149 -62 -120 -7 -63 
-2 12 7 76 65 102 28 115 
-93 82 -71 55 74 -10 86 -59 
-28 -118 -55 -131 -7 -108 -9 -41 
8 50 72 112 26 149 -97 111 
-68 61 76 -22 81 -70 -28 -107 
-48 -107 -8 -87 -16 -52 9 11 
77 63 25 125 -101 129 -65 110 
77 27 76 -52 -27 -123 -42 -142 
-10 -109 -23 -53 10 26 83 68 
23 110 -104 101 -62 94 77 45 
71 -7 -26 -74 -35 -126 -12 -133 
-30 -105 12 -17 88 56 20 131 
-106 134 -58 109 77 40 65 -22 
-24 -73 -28 -106 -14 -103 -36 -95 
15 -41 93 6 17 86 -108 125 
-54 140 76 93 60 14 -22 -67 
-22 -131 -17 -130 -43 -105 18 -31 
97 19 14 79 -109 98 -50 110 
75 91 54 44 -19 -13 -15 -92 
-21 -128 -48 -143 21 -82 101 -11 
11 80 -110 126 -46 132 73 95 
49 30 -15 -21 -9 -79 -24 -96 
-54 -116 25 -86 104 -49 7 25 
-110 92 -41 137 70 138 44 77 
-11 3 -3 -88 -29 -122 -59 -133 
29 -83 106 -33 3 28 -110 74 
-37 100 67 115 38 87 -6 48 
1 -35 -33 -94 -63 -147 33 -129 
108 -76 0 10 -108 88 -33 124 
63 128 33 77 -1 34 6 -34 
-38 -68 -67 -109 37 -111 109 -93 
-3 -40 -106 39 -29 102 59 150 
29 123 3 73 11 -23 -43 -86 
-70 -129 41 -117 110 -78 -7 -28 
-104 32 -25 69 54 113 25 109 
9 98 15 29 -49 -39 -73 -115 
45 -146 110 -123 -11 -62 -101 30 
-21 87 48 130 21 108 15 81 
19 20 -54 -26 -75 -76 50 -111 
109 -115 -14 -96 -97 -23 -18 44 
43 126 17 141 21 124 22 47 
-60 -30 -76 -94 54 -124 108 -106 
-17 -79 -93 -17 -15 22 37 84 
14 108 28 124 24 88 -65 23 
-77 -56 58 -129 106 -141 -20 -120 
-88 -36 -12 31 30 101 12 115 
35 109 26 71 -71 21 -77 -26 
62 -86 104 -111 -23 -129 -83 -81 
-10 -22 23 71 10 127 41 146 
27 109 -76 32 -77 -37 65 -102 
101 -110 -25 -111 -78 -64 -9 -27 
16 34 8 83 48 120 28 127 
-81 80 -76 14 68 -81 97 -127 
-26 -149 -72 -96 -8 -31 9 47 
7 96 55 112 28 106 -86 64 
-75 28 71 -40 94 -82 -28 -130 
-66 -121 -7 -82 2 0 7 83 
61 133 28 144 -91 88 -73 27 
73 -55 89 -90 -28 -116 -59 -98 
-7 -70 -4 -22 7 39 68 89 
27 135 -95 119 -70 81 75 -12 
85 -84 -28 -141 -53 -134 -8 -86 
-12 -17 8 55 74 89 26 116 
-99 94 -67 75 76 15 80 -36 
-28 -101 -46 -133 -9 -123 -19 -72 
9 20 80 89 24 145 -102 125 
34 -98 109 -74 0 -21 -108 47 
-32 103 62 145 32 117 0 66 
7 -32 -40 -96 -68 -141 38 -121 
110 -72 -4 -9 -106 53 -28 85 
57 114 28 97 5 79 12 13 
-45 -46 -71 -116 42 -141 110 -119 
-8 -55 -103 39 -24 100 52 142 
23 112 11 72 16 0 -50 -47 
-73 -91 47 -109 110 -102 -11 -77 
-100 -9 -20 51 47 125 20 138 
17 121 19 40 -56 -40 -75 -109 
51 -135 109 -109 -15 -67 -96 3 
-17 44 41 96 16 104 23 110 
22 70 -61 11 -76 -63 55 -128 
108 -140 -18 -116 -92 -29 -14 42 
35 117 13 126 30 111 25 57 
-67 0 -77 -48 59 -94 106 -106 
-21 -114 -87 -65 -12 -11 28 76 
11 127 36 146 26 105 -72 25 
-77 -51 63 -118 103 -121 -23 -109 
-82 -49 -10 -5 21 55 9 89 
43 115 28 111 -77 66 -77 4 
66 -85 100 -128 -25 -149 -76 -93 
-8 -23 14 63 8 112 50 123 
28 102 -83 48 -76 4 69 -58 
96 -87 -27 -123 -70 -106 -7 -69 
7 8 7 87 57 136 28 145 
-87 86 -74 17 72 -71 92 -107 
-28 -126 -64 -92 -7 -53 0 1 
7 55 63 93 28 126 -92 105 
-72 69 74 -21 88 -88 -28 -146 
-57 -135 -7 -84 -6 -5 7 72 
69 107 27 123 -96 86 -69 56 
75 -7 83 -50 -28 -103 -51 -123 
-8 -111 -13 -60 8 27 75 95 
25 150 -100 127 -66 82 77 -7 
78 -68 -28 -112 -44 -114 -9 -88 
-20 -53 10 7 81 51 23 111 
-103 121 -63 116 77 48 73 -28 
-27 -107 -37 -146 -11 -125 -27 -73 
12 14 86 67 21 115 -105 106 
-59 93 77 46 68 -2 -25 -59 
-31 -112 -13 -126 -34 -115 14 -39 
91 33 18 119 -107 140 -55 127 
77 60 62 -13 -23 -72 -24 -111 
-16 -104 -40 -94 17 -42 96 -1 
15 69 -109 110 -51 135 75 107 
56 37 -20 -44 -18 -123 -19 -138 
-46 -124 20 -48 99 12 12 79 
-110 102 -47 109 74 89 51 45 
-16 -2 -11 -75 -23 -113 -52 -142 
23 -98 103 -35 8 59 -110 120 
-43 141 71 114 46 44 -13 -15 
-5 -81 -27 -97 -57 -113 27 -83 
105 -51 5 11 -110 74 -39 122 
68 140 40 94 -8 29 0 -70 
-32 -119 -61 -144 31 -101 108 -45 
1 24 -109 76 -34 99 65 112 
35 83 -3 53 4 -20 -36 -75 
-65 -134 35 -134 109 -95 -2 -15 
-107 73 -30 123 60 141 31 93 
1 43 9 -31 -41 -69 -69 -106 
40 -106 110 -90 -6 -48 -105 22 
-26 82 56 140 26 130 7 94 
13 0 -47 -73 -72 -130 44 -131 
110 -92 -9 -36 -102 32 -23 68 
51 109 22 103 13 96 17 40 
-52 -20 -74 -94 48 -139 110 -132 
-13 -86 -99 8 -19 76 45 135 
18 122 19 93 21 26 -58 -26 
-76 -73 52 -105 109 -107 -16 -97 
-95 -35 -16 23 39 106 15 137 
25 136 23 72 -63 -10 -77 -85 
56 -131 107 -118 -19 -89 -90 -20 
-13 22 32 79 13 100 32 116 
25 91 -69 37 -77 -33 60 -112 
105 -138 -22 -135 -85 -60 -11 12 
26 95 10 123 39 120 27 80 
-74 22 -77 -24 64 -80 102 -100 
-24 -122 -80 -86 -9 -39 19 47 
9 112 46 146 28 127 -79 54 
-76 -20 67 -100 99 -118 -26 -120 
-74 -70 -8 -27 12 31 8 76 
52 108 28 121 -84 86 -75 34 
70 -57 95 -113 -27 -152 -68 -115 
-7 -53 5 33 7 97 59 119 
28 115 -89 67 -73 29 72 -36 
91 -72 -28 -118 -62 -117 -7 -91 
-2 -23 7 61 65 121 28 152 
-93 107 -71 48 74 -44 86 -91 
-28 -123 -55 -105 -7 -71 -9 -24 
8 34 72 76 26 123 -97 116 
-68 93 76 10 81 -63 -28 -132 
-48 -144 -8 -106 -16 -37 9 47 
77 91 25 123 -101 98 -65 75 
77 17 76 -29 -27 -86 -42 -121 
-10 -121 -23 -88 10 -3 83 69 
23 140 -104 137 -62 105 77 23 
71 -44 -26 -97 -35 -116 -12 -98 
-30 -74 12 -15 88 28 20 95 
-106 120 -58 129 77 77 66 1 
-24 -81 -28 -140 -14 -135 -36 -99 
15 -14 93 43 17 102 -108 107 
-54 103 76 67 60 20 -22 -34 
-22 -98 -17 -124 -42 -131 18 -68 
97 1 14 94 -109 135 -50 137 
75 87 54 12 -19 -48 -15 -100 
-21 -104 -48 -106 21 -62 101 -25 
11 44 -110 97 -46 133 73 126 
49 65 -15 -11 -9 -102 -24 -133 
-54 -137 25 -74 104 -14 7 56 
-110 93 -41 108 70 103 44 64 
-11 24 -3 -51 -29 -98 -59 -142 
29 -118 106 -65 3 26 -110 102 
-37 137 67 130 38 68 -6 11 
1 -60 -33 -87 -63 -113 33 -96 
108 -71 0 -16 -108 52 -33 107 
63 145 34 114 -1 60 6 -39 
-38 -101 -67 -142 37 -118 109 -68 
-3 -3 -106 57 -29 87 59 114 
29 95 3 75 11 7 -43 -51 
-70 -120 41 -141 110 -115 -7 -49 
-104 45 -25 104 54 142 25 109 
9 68 15 -5 -49 -51 -73 -94 
45 -109 110 -100 -11 -73 -101 -4 
-21 56 49 129 21 137 15 117 
19 34 -54 -46 -75 -113 50 -135 
109 -106 -14 -62 -97 8 -18 48 
43 98 17 105 21 108 22 65 
-60 5 -76 -68 54 -131 108 -139 
-17 -112 -93 -23 -15 48 37 120 
14 126 28 108 24 52 -65 -4 
-77 -52 58 -97 106 -107 -20 -112 
-88 -60 -12 -5 30 82 12 129 
35 145 26 100 -71 19 -77 -57 
62 -121 104 -121 -23 -106 -83 -44 
-10 0 23 59 10 92 41 116 
27 108 -76 61 -77 -2 65 -90 
101 -131 -25 -148 -78 -87 -9 -17 
16 69 8 114 48 123 28 98 
-81 44 -76 0 68 -62 97 -90 
-26 -124 -72 -103 -8 -65 9 15 
7 92 55 139 28 142 -86 81 
-75 11 71 -77 94 -109 -28 -125 
-66 -88 -7 -49 2 6 7 58 
61 96 28 126 -91 103 -73 63 
73 -27 89 -93 -28 -148 -59 -132 
-7 -79 -4 1 7 76 68 109 
27 122 -95 83 -70 52 75 -12 
85 -54 -28 -106 -53 -123 -8 -108 
-11 -54 8 33 74 100 26 151 
-99 124 -67 77 76 -13 80 -72 
-28 -114 -46 -113 -9 -86 -19 -48 
9 12 79 55 24 113 -102 121 
-64 113 77 42 74 -34 -27 -112 
-39 -147 -10 -123 -25 -67 11 20 
85 71 22 117 -105 105 -60 91 
77 41 69 -6 -26 -64 -32 -114 
-12 -126 -32 -111 13 -33 90 39 
19 123 -107 140 -57 123 77 54 
64 -19 -23 -76 -26 -112 -15 -104 
-39 -91 16 -38 94 3 16 74 
-109 112 -53 135 76 102 58 31 
-21 -50 -19 -126 -18 -138 -45 -120 
19 -42 98 17 13 83 -110 104 
-48 108 74 86 52 41 -17 -7 
-13 -79 -22 -115 -50 -141 22 -93 
102 -29 9 65 -110 124 -44 141 
72 110 47 38 -14 -21 -7 -85 
-26 -99 -55 -113 26 -80 105 -47 
6 17 -110 79 -40 125 69 139 
42 90 -9 22 -1 -75 -30 -122 
-60 -144 30 -97 107 -39 2 29 
-109 79 -35 101 66 111 37 80 
-5 49 3 -25 -35 -79 -64 -136 
34 -132 109 -90 -1 -8 -108 78 
-31 126 62 140 32 89 0 38 
8 -36 -40 -72 -68 -107 38 -105 
110 -87 -5 -43 -106 27 -27 86 
57 142 27 128 5 89 12 -6 
-45 -78 -71 -133 43 -130 110 -88 
-8 -31 -103 36 -24 71 52 110 
23 102 11 93 16 34 -51 -26 
-73 -99 47 -140 110 -130 -12 -80 
-100 14 -20 81 46 137 19 120 
17 89 20 21 -56 -30 -75 -77 
51 -107 109 -106 -15 -93 -96 -30 
-17 29 41 111 16 137 24 134 
23 66 -62 -16 -77 -90 55 -132 
108 -116 -18 -85 -91 -16 -14 26 
34 83 13 102 30 115 25 87 
-67 32 -77 -39 59 -116 106 -139 
-21 -132 -87 -54 -12 19 28 100 
11 124 37 118 27 75 -73 18 
-77 -29 63 -83 103 -102 -23 -121 
-81 -82 -10 -33 21 53 9 115 
44 146 28 123 -78 48 -77 -27 
66 -104 100 -119 -25 -118 -76 -66 
-8 -23 14 36 8 79 50 110 
28 120 -83 82 -76 28 69 -63 
96 -117 -27 -152 -70 -111 -7 -47 
7 39 7 100 57 120 28 112 
-88 63 -74 24 72 -40 92 -76 
-28 -119 -63 -115 -7 -87 0 -16 
7 67 64 125 28 151 -92 103 
-72 42 74 -49 88 -95 -28 -124 
-57 -102 -7 -67 -7 -19 7 38 
70 80 27 124 -96 114 -69 89 
76 4 83 -68 -28 -136 -50 -143 
-8 -102 -14 -31 8 52 76 95 
25 123 -100 96 -66 72 77 12 
78 -33 -28 -90 -43 -122 -9 -120 
-21 -83 10 2 81 74 23 143 
-103 135 -63 101 77 17 72 -49 
-27 -100 -37 -116 -11 -97 -28 -70 
12 -11 87 32 21 99 -106 121 
-59 127 77 71 67 -4 -25 -87 
-30 -142 -13 -133 -35 -94 14 -8 
92 48 18 105 -108 107 -55 102 
77 63 62 15 -22 -39 -23 -101 
-16 -125 -41 -128 17 -62 96 8 
15 100 -109 136 -51 135 75 81 
56 7 -20 -53 -17 -103 -20 -104 
-47 -104 20 -59 100 -20 12 50 
-110 100 -47 134 73 122 50 59 
-16 -18 -11 -106 -23 -134 -52 -135 
24 -69 103 -8 8 61 -110 95 
-42 108 71 100 45 61 -12 18 
-5 -56 -27 -102 -57 -143 27 -114 
106 -59 4 33 -110 106 -38 138 
68 127 40 63 -8 6 0 -65 
-32 -89 -62 -114 31 -94 108 -67 
1 -10 -109 57 -34 111 64 144 
35 110 -3 54 5 -45 -37 -105 
-66 -143 36 -115 109 -63 -2 2 
-107 61 -30 90 60 114 30 93 
2 71 10 1 -42 -56 -69 -123 
40 -140 110 -112 -6 -42 -105 51 
-26 109 55 143 26 106 7 63 
14 -10 -47 -55 -72 -96 44 -109 
110 -99 -10 -68 -102 1 -22 62 
50 132 22 136 13 113 18 27 
-53 -52 -74 -117 48 -135 110 -104 
-13 -57 -98 13 -19 52 44 101 
18 105 20 106 21 60 -58 0 
-76 -74 53 -133 109 -138 -16 -107 
-94 -16 -16 54 38 124 15 125 
26 105 23 47 -64 -8 -77 -57 
57 -99 107 -107 -19 -109 -90 -55 
-13 0 32 87 12 131 33 144 
26 94 -69 13 -77 -63 61 -123 
105 -121 -22 -103 -85 -39 -11 3 
25 63 10 94 39 116 27 105 
-75 56 -77 -8 64 -95 102 -133 
-24 -146 -79 -82 -9 -11 18 75 
9 116 46 123 28 95 -80 40 
15 -50 93 15 17 105 -108 139 
-54 138 76 77 60 -3 -22 -71 
-22 -119 -17 -111 -42 -95 18 -38 
97 1 14 64 -109 100 -50 126 
75 108 55 49 -19 -25 -15 -111 
-20 -139 -48 -137 21 -64 101 3 
11 80 -110 110 -46 114 73 89 
49 40 -15 -2 -9 -68 -24 -101 
-54 -133 25 -101 104 -50 7 40 
-110 111 -41 144 70 128 44 58 
-11 -9 -3 -84 -29 -104 -58 -117 
28 -81 106 -47 3 10 -110 66 
-37 109 67 134 39 100 -6 45 
1 -52 -33 -111 -63 -150 33 -116 
108 -57 0 19 -108 81 -33 105 
63 114 34 79 -1 50 6 -16 
-38 -64 -67 -121 37 -130 109 -103 
-3 -33 -106 57 -29 117 59 149 
29 107 3 54 11 -29 -43 -75 
-70 -110 41 -106 110 -84 -7 -46 
-104 17 -25 68 54 128 25 128 
9 105 15 19 -49 -59 -73 -127 
45 -142 110 -105 -10 -46 -101 32 
-21 73 49 112 21 100 15 90 
18 39 -54 -13 -75 -80 50 -128 
109 -132 -14 -99 -97 -9 -18 63 
43 135 17 133 21 105 22 33 
-60 -28 -76 -78 54 -107 108 -102 
-17 -91 -93 -36 -15 13 37 91 
14 127 28 138 24 87 -65 6 
-77 -74 58 -134 106 -129 -20 -101 
-88 -25 -13 25 30 83 12 100 
34 109 26 86 -71 39 -77 -20 
62 -97 104 -130 -22 -140 -83 -76 
-10 -4 23 87 10 128 41 131 
27 90 -76 24 -77 -27 65 -83 
101 -98 -25 -115 -78 -81 -9 -43 
16 33 8 97 48 139 28 135 
-81 71 -76 -4 68 -94 97 -124 
-26 -132 -72 -78 -8 -27 9 35 
7 78 55 103 28 114 -86 82 
-75 42 71 -42 94 -99 -28 -148 
-66 -125 -7 -70 2 18 7 94 
61 126 28 126 -91 73 -73 28 
73 -40 89 -72 -28 -111 -59 -109 
-7 -89 -4 -33 7 45 68 107 
27 150 -95 119 -70 66 75 -31 
85 -91 -28 -131 -53 -115 -8 -74 
-11 -22 8 37 74 73 26 114 
-99 108 -67 93 76 22 80 -46 
-28 -120 -46 -146 -9 -119 -18 -55 
9 37 79 92 24 132 -102 106 
-64 77 77 14 74 -31 -27 -81 
-39 -112 -10 -113 -25 -91 11 -16 
85 51 22 130 -105 141 -60 120 
77 40 69 -37 -26 -99 -33 -125 
-12 -104 -32 -74 13 -11 90 28 
19 88 -107 109 -57 122 77 83 
64 16 -23 -63 -26 -132 -15 -141 
-38 -115 16 -29 94 38 16 106 
-109 116 -53 107 76 66 58 15 
-21 -32 -19 -90 -18 -112 -45 -127 
19 -75 98 -15 13 78 -110 130 
-48 145 74 103 53 25 -17 -44 
-13 -106 -22 -111 -50 -108 22 -59 
102 -21 9 41 -110 87 -44 122 
72 124 47 74 -14 6 -7 -87 
-26 -130 -55 -147 26 -90 105 -24 
6 54 -110 100 -40 113 69 103 
42 60 -9 22 -1 -46 -30 -86 
-60 -132 30 -118 107 -76 2 7 
-109 89 -36 136 66 142 37 82 
-5 20 3 -61 -35 -93 -64 -117 
34 -95 109 -66 -1 -15 -108 45 
-31 93 62 135 32 116 0 75 
8 -20 -40 -90 -68 -144 38 -131 
110 -81 -5 -10 -106 60 -27 93 
57 116 27 91 5 70 12 8 
-45 -42 -71 -105 43 -133 110 -120 
-8 -65 -103 27 -24 95 52 147 
23 122 11 80 16 -1 -51 -55 
-73 -98 47 -110 110 -95 -12 -69 
-100 -7 -20 44 47 115 19 131 
17 124 20 51 -56 -29 -75 -106 
51 -142 109 -119 -15 -73 -96 6 
-17 52 41 102 16 103 24 102 
23 62 -62 10 -77 -54 55 -117 
108 -135 -18 -122 -91 -41 -14 33 
34 116 13 134 30 120 25 61 
-67 -4 -77 -56 59 -99 106 -103 
-21 -105 -87 -58 -12 -13 28 67 
11 117 37 143 27 112 -73 37 
-77 -43 63 -120 103 -131 -23 -118 
-81 -50 -10 1 21 63 9 92 
44 109 28 102 -78 60 -77 8 
66 -74 100 -119 -25 -148 -76 -101 
-8 -35 14 57 8 116 50 133 
28 109 -83 47 -76 -2 69 -65 
96 -88 -27 -116 -70 -97 -7 -66 
7 2 7 76 57 128 28 146 
-88 95 -74 28 72 -68 92 -112 
-28 -135 -63 -98 -7 -50 0 9 
7 61 64 92 28 118 -92 97 
-72 67 74 -13 88 -77 -28 -139 
-57 -139 -7 -95 -7 -15 7 70 
70 114 27 133 -96 90 -69 51 
76 -15 83 -55 -28 -100 -50 -114 
-8 -103 -14 -61 8 17 76 84 
25 146 -100 133 -66 93 77 1 
78 -68 -28 -120 -44 -123 -9 -90 
-21 -47 10 15 81 54 23 106 
-103 112 -63 110 77 51 73 -18 
-27 -97 -37 -144 -11 -133 -28 -85 
12 7 87 69 21 124 -106 114 
-59 93 77 39 67 -10 -25 -60 
-30 -105 -13 -116 -34 -111 14 -44 
92 21 18 110 -108 140 -55 135 
77 71 62 -9 -23 -76 -24 -120 
-16 -110 -41 -92 17 -34 96 5 
15 69 -109 102 -51 126 75 104 
56 44 -20 -32 -17 -115 -19 -140 
-47 -134 20 -58 100 9 12 85 
-110 112 -47 113 73 85 51 37 
-16 -7 -11 -72 -23 -103 -52 -133 
24 -98 103 -44 8 47 -110 115 
-43 145 71 124 45 52 -12 -15 
-5 -89 -27 -106 -57 -116 27 -78 
106 -43 4 15 -110 70 -38 112 
68 133 40 96 -8 39 0 -59 
-32 -115 -62 -150 31 -112 108 -52 
1 26 -109 84 -34 107 64 112 
35 76 -3 45 5 -21 -37 -68 
-66 -123 36 -128 109 -99 -2 -26 
-107 63 -30 121 60 149 30 103 
1 49 10 -35 -42 -78 -69 -112 
40 -105 110 -81 -6 -41 -105 21 
-26 73 55 130 26 126 7 100 
14 12 -47 -64 -72 -131 44 -140 
110 -101 -10 -40 -102 37 -22 77 
50 113 22 99 13 87 18 34 
-53 -18 -74 -85 48 -130 110 -130 
-13 -94 -98 -3 -19 69 44 137 
18 131 19 101 21 27 -58 -33 
-76 -81 53 -108 109 -101 -16 -88 
-94 -31 -16 18 38 96 15 128 
26 137 23 81 -64 0 -77 -80 
57 -136 107 -128 -19 -96 -90 -19 
-13 30 32 87 12 101 33 108 
26 83 -69 34 -77 -26 61 -101 
105 -131 -22 -138 -85 -70 -11 2 
25 92 10 130 39 130 27 85 
-75 19 -77 -32 64 -86 102 -99 
-24 -114 -79 -78 -9 -38 18 39 
9 101 46 140 28 132 -80 65 
-76 -11 67 -99 98 -126 -26 -130 
-74 -74 -8 -23 11 40 8 80 
53 104 28 112 -85 79 -75 36 
70 -48 95 -103 -27 -149 -67 -122 
-7 -64 4 25 7 98 59 128 
28 124 -89 69 -73 23 73 -44 
90 -75 -28 -112 -61 -108 -7 -85 
-2 -27 7 51 66 111 28 151 
-94 116 -71 60 75 -38 86 -95 
-28 -132 -55 -112 -7 -70 -9 -16 
8 42 72 77 26 116 -98 107 
-68 90 76 16 81 -51 -28 -124 
-48 -145 -8 -115 -17 -48 9 43 
78 96 25 133 -101 104 -65 73 
77 9 76 -35 -27 -84 -41 -113 
-10 -112 -24 -86 10 -10 83 57 
22 133 -104 140 -61 116 77 33 
71 -43 -26 -103 -34 -125 -12 -102 
-30 -70 13 -7 89 33 20 91 
-106 110 -58 121 77 78 65 10 
-24 -70 -28 -135 -14 -140 -37 -110 
15 -22 93 43 17 110 -108 116 
-54 105 76 62 60 11 -22 -37 
-21 -93 -17 -114 -43 -125 18 -71 
97 -8 14 84 -109 132 -50 144 
75 98 54 19 -18 -50 -15 -109 
-21 -111 -49 -106 21 -55 101 -17 
10 46 -110 90 -45 123 73 121 
49 69 -15 0 -9 -92 -25 -132 
-54 -146 25 -85 104 -18 7 60 
-110 102 -41 113 70 101 43 56 
-11 17 -3 -50 -29 -90 -59 -133 
29 -115 106 -71 3 14 -109 94 
-37 138 67 140 38 78 -6 14 
2 -66 -34 -96 -63 -117 33 -92 
108 -62 0 -10 -108 49 -32 97 
63 136 33 113 -1 69 7 -27 
-39 -95 -67 -146 37 -129 110 -76 
-3 -4 -106 65 -28 96 58 116 
29 89 3 67 11 3 -44 -46 
-70 -109 41 -133 110 -117 -7 -59 
-104 34 -25 100 53 148 24 119 
9 75 15 -6 -49 -59 -73 -101 
46 -109 110 -93 -11 -64 -101 -2 
-21 49 48 118 20 131 15 120 
19 45 -55 -36 -75 -111 50 -143 
109 -117 -14 -68 -97 11 -18 57 
42 104 17 103 22 100 22 58 
-60 5 -76 -60 54 -120 108 -135 
-17 -117 -93 -34 -15 40 36 121 
14 134 28 118 24 55 -66 -9 
-77 -61 58 -101 106 -103 -20 -103 
-88 -54 -12 -7 30 72 12 119 
35 143 26 107 -71 30 -77 -50 
62 -123 104 -131 -23 -115 -83 -45 
-10 5 23 67 10 94 42 110 
27 99 -76 56 -77 2 65 -79 
101 -122 -25 -147 -77 -96 -9 -28 
16 64 8 119 49 133 28 106 
-82 43 -76 -7 68 -69 97 -91 
-26 -116 -71 -94 -8 -62 9 9 
7 80 55 131 28 145 -86 91 
-74 21 71 -73 93 -115 -28 -135 
-65 -94 -7 -46 1 14 7 65 
62 94 28 117 -91 94 -72 63 
73 -19 89 -82 -28 -142 -59 -136 
-7 -90 -5 -8 7 75 68 117 
27 132 -95 87 -70 47 75 -20 
84 -59 -28 -103 -52 -113 -8 -101 
-12 -56 8 23 74 89 26 147 
-99 130 -67 88 76 -5 79 -73 
-28 -123 -45 -122 -9 -87 -19 -42 
9 20 80 58 24 108 -102 111 
-64 107 77 45 74 -24 -27 -102 
-39 -145 -10 -130 -26 -79 11 13 
85 74 22 126 -105 112 -60 90 
77 34 69 -14 -25 -65 -32 -107 
-13 -116 -33 -107 13 -39 90 28 
19 114 -107 141 -56 133 77 64 
63 -15 -23 -81 -25 -122 -15 -109 
-39 -89 16 -29 95 10 16 73 
-109 104 -52 126 76 100 58 38 
-20 -39 -19 -119 -19 -141 -45 -130 
19 -52 99 15 13 90 -110 113 
-48 112 74 82 52 32 -17 -12 
-13 -76 -22 -106 -51 -132 23 -93 
102 -38 9 54 -110 118 -44 146 
72 120 47 47 -13 -21 -7 -92 
-26 -107 -56 -115 26 -74 105 -39 
5 20 -110 73 -39 115 69 132 
41 92 -9 32 -1 -65 -31 -119 
-61 -150 30 -108 107 -46 2 32 
-109 88 -35 108 65 111 36 73 
-4 41 3 -26 -35 -72 -65 -126 
34 -127 109 -95 -1 -19 -108 69 
-31 125 61 148 31 99 0 43 
8 -40 -40 -81 -68 -113 39 -103 
110 -79 -5 -36 -105 26 -27 78 
57 132 27 125 6 95 13 5 
-46 -70 -71 -134 43 -139 110 -98 
-9 -34 -103 42 -23 80 52 114 
23 98 12 84 17 29 -51 -23 
