T 11209600 ps
71 -121 89 -83 97 -222 49 -107 
T 11212800 ps
64 -125 80 -133 45 -122 45 -138 
T 11216 ns
63 -121 55 -158 94 -151 38 -112 
T 11219200 ps
93 -118 102 -168 42 -148 70 -152 
T 11222400 ps
54 -140 49 -148 72 -183 54 -84 
T 11225600 ps
62 -124 55 -131 69 -146 95 -110 
T 11228800 ps
69 -100 26 -143 43 -115 91 -136 
T 11232 ns
60 -126 91 -135 78 -128 110 -147 
T 11235200 ps
87 -100 83 -121 55 -114 94 -122 
T 11238400 ps
52 -144 27 -176 15 -159 106 -107 
T 11241600 ps
114 -122 50 -121 39 -146 91 -151 
T 11244800 ps
53 -96 54 -135 67 -134 37 -120 
T 11248 ns
40 -119 61 -111 71 -136 55 -127 
T 11251200 ps
79 -133 18 -155 96 -150 61 -118 
T 11254400 ps
88 -124 64 -128 79 -142 45 -124 
T 11257600 ps
21 -142 54 -123 53 -178 49 -164 
T 11260800 ps
54 -166 66 -122 82 -148 76 -142 
T 11264 ns
61 -194 87 -171 76 -122 73 -125 
T 11267200 ps
61 -136 94 -122 58 -126 101 -115 
T 11270400 ps
66 -141 58 -153 54 -141 87 -172 
T 11273600 ps
66 -163 87 -158 55 -156 30 -127 
T 11276800 ps
75 -164 63 -114 69 -159 104 -152 
T 11280 ns
68 -183 96 -166 110 -175 102 -144 
T 11283200 ps
53 -141 64 -176 117 -159 73 -150 
T 11286400 ps
66 -188 124 -148 90 -124 69 -153 
T 11289600 ps
97 -167 90 -126 50 -159 88 -85 
T 11292800 ps
78 -196 54 -162 53 -178 107 -185 
T 11296 ns
101 -176 71 -185 93 -170 96 -179 
T 11299200 ps
59 -149 75 -160 92 -149 73 -163 
T 11302400 ps
63 -182 67 -147 79 -184 83 -178 
T 11305600 ps
52 -186 95 -181 67 -167 42 -172 
T 11308800 ps
82 -183 92 -162 80 -171 82 -205 
T 11312 ns
97 -194 100 -157 68 -138 72 -169 
T 11315200 ps
77 -215 67 -180 90 -188 88 -183 
T 11318400 ps
82 -168 94 -197 131 -187 85 -232 
T 11321600 ps
102 -189 91 -178 57 -175 98 -191 
T 11324800 ps
81 -169 72 -186 56 -178 72 -219 
T 11328 ns
80 -143 85 -190 113 -204 99 -212 
T 11331200 ps
85 -230 96 -201 88 -191 70 -212 
T 11334400 ps
74 -222 103 -225 84 -163 140 -221 
T 11337600 ps
83 -192 72 -199 96 -180 194 -209 
T 11340800 ps
87 -211 120 -205 102 -207 95 -211 
T 11344 ns
118 -211 93 -188 84 -176 97 -219 
T 11347200 ps
77 -214 105 -218 108 -238 101 -217 
T 11350400 ps
43 -171 85 -226 82 -236 100 -210 
T 11353600 ps
118 -186 87 -222 104 -223 63 -221 
T 11356800 ps
62 -205 140 -240 96 -208 82 -282 
T 11360 ns
94 -253 94 -226 71 -265 92 -271 
T 11363200 ps
78 -228 99 -209 97 -242 128 -248 
T 11366400 ps
132 -278 102 -256 93 -238 126 -245 
T 11369600 ps
76 -241 108 -261 89 -238 84 -264 
T 11372800 ps
121 -277 106 -233 109 -236 100 -239 
T 11376 ns
86 -269 62 -215 80 -250 89 -271 
T 11379200 ps
130 -265 99 -285 80 -257 139 -270 
T 11382400 ps
113 -288 132 -248 132 -224 75 -243 
T 11385600 ps
129 -293 119 -266 108 -306 112 -273 
T 11388800 ps
129 -271 107 -286 128 -253 106 -272 
T 11392 ns
98 -289 106 -281 159 -282 116 -345 
T 11395200 ps
143 -315 134 -322 148 -299 140 -282 
T 11398400 ps
133 -296 139 -302 133 -275 132 -325 
T 11401600 ps
114 -309 154 -324 128 -322 130 -339 
T 11404800 ps
144 -372 99 -275 152 -287 147 -324 
T 11408 ns
150 -341 142 -344 138 -343 161 -375 
T 11411200 ps
123 -316 216 -372 174 -365 198 -338 
T 11414400 ps
123 -321 148 -350 236 -372 223 -377 
T 11417600 ps
170 -379 228 -415 186 -381 202 -390 
T 11420800 ps
215 -367 236 -391 237 -391 286 -385 
T 11424 ns
232 -449 282 -455 309 -490 295 -487 
T 11427200 ps
316 -515 396 -542 408 -574 490 -643 
T 11430400 ps
554 -661 626 -745 859 -921 1276 -1299 
T 11433600 ps
2764 -2469 -9281 7240 -1586 1030 -830 387 
T 11436800 ps
-521 150 -409 46 -279 -7 -227 -60 
T 11440 ns
-168 -103 -154 -130 -125 -180 -109 -199 
T 11443200 ps
-49 -210 -94 -211 -31 -255 -45 -266 
T 11446400 ps
-11 -264 -46 -268 13 -273 -7 -278 
T 11449600 ps
-1 -280 51 -316 71 -363 5 -297 
T 11452800 ps
24 -289 30 -351 33 -326 74 -363 
T 11456 ns
17 -348 12 -332 64 -355 -3 -352 
T 11459200 ps
22 -347 79 -391 49 -379 63 -368 
T 11462400 ps
70 -408 80 -373 69 -387 25 -423 
T 11465600 ps
19 -383 76 -400 31 -411 88 -397 
T 11468800 ps
83 -412 71 -416 92 -401 70 -403 
T 11472 ns
98 -429 78 -396 100 -416 102 -481 
T 11475200 ps
109 -419 125 -472 115 -473 165 -495 
T 11478400 ps
75 -474 84 -532 105 -471 127 -471 
T 11481600 ps
113 -506 122 -462 104 -473 109 -514 
T 11484800 ps
113 -461 105 -538 157 -505 103 -545 
T 11488 ns
124 -526 117 -501 132 -564 113 -554 
T 11491200 ps
107 -556 118 -544 135 -564 151 -628 
T 11494400 ps
171 -570 133 -624 141 -579 108 -632 
T 11497600 ps
131 -604 148 -614 184 -636 153 -651 
T 11500800 ps
136 -635 172 -639 95 -651 141 -663 
T 11504 ns
138 -677 163 -664 145 -681 160 -667 
T 11507200 ps
153 -698 126 -761 238 -645 208 -696 
T 11510400 ps
198 -729 198 -717 198 -721 143 -760 
T 11513600 ps
180 -774 192 -795 177 -793 202 -807 
T 11516800 ps
216 -793 186 -779 272 -856 216 -895 
T 11520 ns
231 -876 207 -890 236 -888 206 -899 
T 11523200 ps
247 -894 210 -951 250 -931 276 -943 
T 11526400 ps
265 -984 246 -985 256 -1025 226 -1004 
T 11529600 ps
214 -1015 275 -1064 266 -1065 267 -1083 
T 11532800 ps
322 -1107 337 -1160 320 -1156 229 -1117 
T 11536 ns
296 -1177 273 -1175 317 -1202 269 -1305 
T 11539200 ps
325 -1311 324 -1314 345 -1358 344 -1392 
T 11542400 ps
332 -1406 371 -1408 384 -1444 379 -1501 
T 11545600 ps
413 -1529 419 -1554 379 -1628 432 -1670 
T 11548800 ps
448 -1676 431 -1680 478 -1791 460 -1847 
T 11552 ns
462 -1875 519 -1965 527 -1988 517 -2051 
T 11555200 ps
554 -2084 568 -2168 586 -2255 613 -2339 
T 11558400 ps
629 -2412 666 -2448 662 -2587 729 -2629 
T 11561600 ps
756 -2746 768 -2884 806 -3038 849 -3151 
T 11564800 ps
875 -3283 878 -3463 912 -3623 1016 -3815 
T 11568 ns
1103 -4034 1131 -4267 1190 -4492 1273 -4809 
T 11571200 ps
1353 -5148 1476 -5539 1626 -6002 1742 -6577 
T 11574400 ps
1933 -7107 2149 -7901 2370 -8828 2745 -10034 
T 11577600 ps
3158 -11603 3757 -13684 4567 -16701 5890 -21396 
T 11580800 ps
8116 -29704 13342 17001 27040 -1399 -3541 -23120 
T 11584 ns
-15092 -10840 -8908 32128 -6326 22717 -4936 17632 
T 11587200 ps
-4049 14428 -3454 12177 -2987 10565 -2615 9311 
T 11590400 ps
-2382 8346 -2147 7552 -1947 6857 -1812 6393 
T 11593600 ps
-1712 5885 -1590 5516 -1494 5160 -1429 4863 
T 11596800 ps
-1342 4591 -1326 4353 -1228 4149 -1167 3939 
T 11600 ns
-1120 3774 -1021 3587 -1056 3440 -990 3286 
T 11603200 ps
-977 3212 -942 3104 -907 2989 -876 2863 
T 11606400 ps
-850 2778 -819 2682 -806 2607 -756 2526 
T 11609600 ps
-730 2452 -747 2437 -735 2305 -675 2279 
T 11612800 ps
-714 2205 -681 2178 -636 2120 -666 2066 
T 11616 ns
-670 2002 -628 1994 -604 1944 -605 1890 
T 11619200 ps
-582 1879 -600 1846 -591 1780 -568 1803 
T 11622400 ps
-556 1730 -546 1730 -571 1713 -552 1663 
T 11625600 ps
-562 1647 -543 1611 -527 1580 -569 1569 
T 11628800 ps
-526 1531 -516 1570 -465 1529 -527 1410 
T 11632 ns
-509 1431 -526 1426 -478 1387 -519 1355 
T 11635200 ps
-492 1365 -532 1346 -489 1327 -461 1293 
T 11638400 ps
-475 1316 -466 1275 -475 1265 -452 1257 
T 11641600 ps
-530 1247 -486 1190 -449 1230 -460 1196 
T 11644800 ps
-470 1198 -495 1192 -467 1161 -468 1168 
T 11648 ns
-485 1168 -531 1180 -467 1113 -435 1097 
T 11651200 ps
-477 1084 -492 1115 -490 1081 -503 1082 
T 11654400 ps
-532 1024 15726 5869 -9767 1743 -651 1060 
T 11657600 ps
-309 1013 -430 1014 -426 1052 -419 1015 
T 11660800 ps
-454 1022 -458 990 -462 974 -470 1004 
T 11664 ns
-475 1011 -454 980 -489 963 -453 942 
T 11667200 ps
-460 968 -483 981 -490 943 -480 977 
T 11670400 ps
-505 971 -524 929 -533 936 -566 970 
T 11673600 ps
-489 935 -487 877 -518 940 -504 876 
T 11676800 ps
-514 937 -540 905 -563 902 -529 922 
T 11680 ns
-572 912 -571 889 -557 911 -545 896 
T 11683200 ps
-567 897 -568 887 -587 872 -601 877 
T 11686400 ps
-590 896 -602 871 -603 910 -625 915 
T 11689600 ps
-639 887 -642 904 -661 871 -628 919 
T 11692800 ps
-685 914 -686 900 -662 900 -700 904 
T 11696 ns
-771 903 -791 911 -746 925 -717 942 
T 11699200 ps
-767 919 -797 884 -858 941 -828 883 
T 11702400 ps
-855 934 -873 928 -875 965 -952 946 
T 11705600 ps
-924 919 -953 956 -1037 956 -1013 950 
T 11708800 ps
-1070 966 -1109 972 -1177 1019 -1229 1024 
T 11712 ns
-1248 1032 -1310 1058 -1371 1066 -1403 1099 
T 11715200 ps
-1489 1093 -1576 1109 -1638 1126 -1749 1184 
T 11718400 ps
-1832 1261 -1944 1247 -2067 1308 -2215 1386 
T 11721600 ps
-2399 1433 -2628 1449 -2858 1559 -3149 1721 
T 11724800 ps
-3530 1860 -4017 1988 -4635 2206 -5473 2504 
T 11728 ns
-6735 2968 -8715 3666 -12338 4963 -21167 8131 
T 11731200 ps
-9833 27636 -17380 -16795 18237 -6034 11244 -3491 
T 11734400 ps
8158 -2334 6352 -1750 5231 -1332 4417 -1099 
T 11737600 ps
3852 -855 3335 -707 3007 -558 2782 -471 
T 11740800 ps
2535 -347 2306 -315 2130 -270 1974 -217 
T 11744 ns
1867 -154 1738 -128 1643 -95 1595 -74 
T 11747200 ps
1500 -62 1406 -8 1345 44 1276 13 
T 11750400 ps
1220 75 1185 60 1135 90 1092 122 
T 11753600 ps
1034 93 1010 154 998 127 958 141 
T 11756800 ps
897 157 886 127 841 203 801 186 
T 11760 ns
810 222 815 212 804 201 770 227 
T 11763200 ps
743 223 719 213 724 226 693 242 
T 11766400 ps
676 228 649 216 648 231 645 247 
T 11769600 ps
601 256 603 236 568 234 592 276 
T 11772800 ps
517 285 536 259 592 283 552 219 
T 11776 ns
518 307 513 273 527 285 527 325 
T 11779200 ps
494 265 467 289 513 319 501 304 
T 11782400 ps
448 299 468 261 464 292 419 291 
T 11785600 ps
447 311 435 324 417 352 383 326 
T 11788800 ps
409 293 407 293 444 314 410 309 
T 11792 ns
400 316 450 330 362 355 358 301 
T 11795200 ps
401 295 395 335 347 309 360 311 
T 11798400 ps
350 299 355 296 355 329 377 346 
T 11801600 ps
331 314 356 303 341 290 318 327 
T 11804800 ps
349 340 251 377 366 292 313 354 
T 11808 ns
330 296 307 352 325 327 332 352 
T 11811200 ps
344 340 309 326 349 357 248 370 
T 11814400 ps
337 368 275 314 324 301 269 333 
T 11817600 ps
272 333 267 342 294 341 271 382 
T 11820800 ps
316 361 300 334 292 369 243 304 
T 11824 ns
298 338 252 373 171 313 305 365 
T 11827200 ps
296 357 248 366 246 316 280 355 
T 11830400 ps
237 368 243 334 234 342 260 372 
T 11833600 ps
238 368 288 348 249 324 289 353 
T 11836800 ps
213 375 245 388 282 354 254 364 
T 11840 ns
214 386 256 372 244 335 217 342 
T 11843200 ps
232 391 216 364 228 368 243 397 
T 11846400 ps
252 376 201 363 212 368 218 349 
T 11849600 ps
192 348 244 356 195 339 236 382 
T 11852800 ps
191 369 251 434 218 365 212 347 
T 11856 ns
206 419 233 353 220 365 224 365 
T 11859200 ps
212 387 208 395 201 362 220 341 
T 11862400 ps
229 353 186 409 214 389 205 373 
T 11865600 ps
218 381 196 350 233 336 207 411 
T 11868800 ps
221 365 177 390 172 390 239 373 
T 11872 ns
210 367 196 395 76 455 203 367 
T 11875200 ps
197 375 190 392 188 394 232 441 
T 11878400 ps
227 398 200 371 453 98 130 491 
T 11881600 ps
146 451 157 456 167 429 188 429 
T 11884800 ps
190 431 207 419 202 441 121 455 
T 11888 ns
129 435 158 436 197 476 158 457 
T 11891200 ps
193 465 157 442 171 455 166 429 
T 11894400 ps
214 444 167 455 192 444 143 453 
T 11897600 ps
203 438 182 460 174 434 180 410 
T 11900800 ps
182 483 160 479 157 467 156 475 
T 11904 ns
139 512 163 486 161 434 139 471 
T 11907200 ps
135 521 180 511 127 522 164 495 
T 11910400 ps
150 472 167 484 165 537 138 553 
T 11913600 ps
131 537 136 540 150 525 156 562 
T 11916800 ps
103 535 128 556 105 579 99 584 
T 11920 ns
158 591 113 629 140 514 154 552 
T 11923200 ps
132 609 131 650 135 614 106 598 
T 11926400 ps
120 600 81 639 76 639 113 678 
T 11929600 ps
91 668 83 655 91 715 95 713 
T 11932800 ps
40 735 71 773 54 777 51 791 
T 11936 ns
47 815 44 840 57 858 22 869 
T 11939200 ps
13 942 -4 979 -28 1050 -26 1001 
T 11942400 ps
-66 1084 -44 1137 -56 1246 -94 1298 
T 11945600 ps
-121 1376 -201 1454 -187 1591 -247 1776 
T 11948800 ps
-281 1960 -393 2221 -549 2634 -702 3194 
T 11952 ns
-988 4184 -1579 5948 -3239 11155 27162 -8808 
T 11955200 ps
4363 -12893 2246 -5895 1532 -3800 1190 -2727 
T 11958400 ps
970 -2117 852 -1712 781 -1401 704 -1191 
T 11961600 ps
634 -1044 625 -939 587 -787 534 -677 
T 11964800 ps
509 -596 491 -513 498 -482 440 -456 
T 11968 ns
444 -380 406 -376 423 -293 414 -267 
T 11971200 ps
400 -267 425 -166 408 -177 391 -150 
T 11974400 ps
384 -136 365 -120 320 -155 370 -94 
T 11977600 ps
332 -120 357 -77 340 -33 348 -21 
T 11980800 ps
313 -20 358 -22 322 -15 309 -11 
T 11984 ns
331 34 298 61 348 68 372 36 
T 11987200 ps
330 41 314 65 354 89 335 78 
T 11990400 ps
314 100 351 104 298 123 300 98 
T 11993600 ps
265 131 340 114 339 92 347 141 
T 11996800 ps
347 140 302 129 284 181 343 172 
T 12 us
249 110 324 130 365 168 330 113 
T 12003200 ps
285 140 250 219 277 180 308 198 
T 12006400 ps
294 239 353 180 313 227 322 225 
T 12009600 ps
278 242 295 246 302 305 357 221 
T 12012800 ps
328 172 372 211 333 253 317 211 
T 12016 ns
299 217 319 308 277 361 379 280 
T 12019200 ps
233 352 406 256 374 310 378 248 
T 12022400 ps
317 349 292 518 330 518 458 492 
T 12025600 ps
TLAST
329 397 526 279 483 523 333 203 
