77 85 15 -50 63 19 93 15 
-23 -61 17 105 -25 -131 -108 139 
-15 -141 -54 138 -39 -117 76 76 
16 -31 60 -4 95 36 -22 -72 
16 105 -22 -119 -109 116 -17 -111 
-52 108 -42 -95 76 67 18 -37 
58 17 97 1 -21 -31 14 65 
-19 -89 -109 101 -18 -112 -50 126 
-45 -127 75 107 19 -76 55 47 
99 -15 -19 -28 13 77 -16 -113 
-110 130 -20 -139 -48 145 -48 -135 
74 103 21 -61 52 25 100 6 
-17 -44 11 82 -13 -106 -110 110 
-22 -110 -46 113 -50 -108 73 87 
22 -60 50 39 102 -22 -16 -5 
10 41 -10 -70 -110 87 -24 -103 
-44 123 -53 -134 72 124 24 -99 
47 74 103 -46 -14 5 8 46 
-7 -89 -110 114 -26 -131 -42 145 
-55 -146 71 125 26 -88 45 53 
105 -22 -12 -14 6 56 -5 -87 
-110 99 -28 -104 -40 112 -57 -115 
69 102 28 -79 42 59 106 -45 
-10 21 4 14 -2 -47 -110 69 
-30 -88 -38 113 -60 -133 68 134 
29 -117 40 96 107 -74 -8 38 
3 11 0 -60 -109 93 -32 -116 
-36 137 -62 -150 66 140 31 -110 
37 78 108 -50 -5 16 1 26 
2 -63 -109 83 -34 -93 -34 106 
-64 -116 64 112 33 -94 35 77 
108 -65 -3 46 0 -13 5 -21 
-108 48 -36 -69 -32 97 -65 -126 
62 137 35 -129 33 114 109 -98 
-1 69 -2 -23 7 -28 -107 67 
-39 -95 -30 123 -67 -145 60 147 
37 -127 31 100 110 -75 1 45 
-4 -4 9 -36 -106 63 -41 -78 
-28 94 -69 -111 58 115 39 -104 
29 90 110 -82 4 69 -5 -41 
11 5 -105 23 -44 -47 -27 77 
-70 -111 56 133 41 -135 26 127 
110 -117 6 97 -7 -56 13 6 
-104 37 -46 -70 -25 102 -72 -133 
54 147 43 -138 24 117 110 -96 
9 72 -9 -35 15 -7 -102 39 
-49 -58 -23 77 -73 -99 51 112 
45 -109 23 99 110 -94 12 87 
-10 -66 17 32 -101 -2 -51 -22 
-21 52 -74 -91 49 122 47 -134 
21 133 110 -130 15 119 -12 -87 
18 40 -99 5 -54 -41 -20 76 
-75 -114 46 139 49 -141 19 127 
109 -113 18 95 -14 -63 20 21 
-98 13 -57 -35 -18 56 -75 -82 
43 103 51 -108 17 103 109 -102 
21 101 -15 -87 21 58 -96 -28 
-59 3 -17 25 -76 -65 40 104 
53 -125 16 132 108 -136 24 135 
-17 -113 23 72 -94 -27 -62 -10 
-15 47 -77 -89 37 124 55 -137 
15 132 108 -123 27 112 -18 -88 
24 50 -92 -13 -64 -11 -14 33 
-77 -61 34 88 57 -101 13 101 
107 -104 30 110 -20 -104 25 81 
-89 -53 -67 29 -13 -2 -77 -36 
31 80 59 -110 12 125 106 -136 
33 143 -21 -133 26 100 -87 -58 
-70 20 -12 15 -77 -59 28 102 
61 -126 11 129 104 -127 36 123 
-22 -108 26 75 -85 -39 -72 13 
-11 8 -77 -37 25 68 62 -88 
10 95 103 -101 40 112 -23 -115 
27 99 -82 -75 -75 54 -10 -30 
-77 -6 22 52 64 -89 9 112 
102 -129 43 145 -24 -146 28 124 
-79 -86 -77 51 -9 -16 -77 -27 
19 74 66 -108 9 121 100 -125 
46 128 -25 -122 28 97 -77 -63 
-80 37 -9 -16 -76 -11 15 45 
67 -71 8 83 99 -93 49 108 
-26 -119 28 113 -74 -94 -82 76 
-8 -57 -76 25 12 20 69 -63 
8 92 97 -115 52 138 -27 -151 
28 141 -71 -111 -84 78 -8 -47 
-75 6 8 43 70 -84 7 106 
95 -116 55 126 -27 -129 28 114 
-68 -85 -86 59 -7 -39 -74 15 
5 19 71 -49 7 67 93 -80 
58 99 -28 -117 28 120 -65 -108 
-89 94 -7 -80 -73 54 2 -11 
72 -33 7 68 91 -96 62 125 
-28 -149 28 150 -62 -130 -91 102 
-7 -75 -72 39 -1 9 73 -56 
7 85 89 -102 65 118 -28 -129 
28 124 -59 -101 -93 78 -7 -61 
-71 40 -4 -8 74 -25 7 47 
87 -63 68 84 -28 -109 27 121 
-56 -117 -95 107 -7 -99 -70 81 
-8 -43 75 -2 8 40 85 -72 
70 105 -28 -138 27 152 -53 -142 
-97 121 -8 -99 -69 69 -11 -24 
76 -24 8 60 82 -83 73 103 
-28 -123 26 127 -50 -113 -98 93 
-8 -79 -68 63 -14 -34 76 0 
8 25 80 -43 76 65 -28 -95 
25 116 -47 -119 -100 116 -9 -113 
-66 103 -18 -73 77 29 9 10 
78 -44 79 80 -28 -120 24 145 
-43 -147 -101 134 -9 -119 -64 96 
-21 -57 77 7 10 32 75 -59 
81 84 -27 -110 23 124 -40 -119 
-103 104 -10 -93 -63 82 -24 -59 
77 26 11 1 73 -20 84 43 
-27 -75 22 103 -37 -116 -104 118 
-11 -121 -61 120 -27 -99 77 60 
12 -20 70 -14 86 52 -26 -95 
21 131 -34 -144 -105 140 -12 -132 
-59 118 -31 -86 77 40 13 2 
68 -33 89 60 -25 -91 20 114 
-31 -118 -106 109 -13 -102 -58 97 
-34 -80 77 51 14 -22 65 2 
91 19 -24 -52 18 86 -28 -106 
-107 115 -14 -123 -56 130 -37 -120 
77 88 15 -50 62 16 93 20 
-23 -66 17 110 -25 -134 -108 139 
-16 -138 -54 133 -40 -111 76 70 
16 -27 60 -5 95 34 -22 -67 
16 97 -21 -111 -109 109 -17 -106 
-52 106 -43 -97 76 73 18 -45 
57 25 97 -5 -20 -25 14 63 
-18 -90 -109 105 -19 -119 -50 133 
-45 -134 75 112 19 -78 55 46 
99 -11 -19 -33 13 83 -15 -117 
-110 132 -20 -138 -48 141 -48 -130 
74 97 21 -56 52 22 101 6 
-17 -40 11 76 -13 -98 -110 103 
-22 -104 -46 109 -51 -108 73 91 
23 -67 49 47 102 -30 -15 1 
9 36 -10 -70 -110 90 -24 -109 
-44 130 -53 -141 72 129 24 -102 
47 73 104 -43 -14 0 8 51 
-7 -94 -110 117 -26 -131 -42 142 
-56 -141 71 119 26 -82 44 49 
105 -21 -12 -11 6 50 -4 -79 
-110 91 -28 -97 -40 107 -58 -114 
69 105 28 -84 42 67 106 -53 
-10 29 4 8 -2 -45 -110 71 
-30 -93 -38 119 -60 -140 68 140 
30 -121 39 97 107 -72 -7 34 
2 17 0 -65 -109 97 -32 -117 
-36 135 -62 -145 66 134 32 -104 
37 73 108 -47 -5 17 0 22 
3 -57 -109 75 -35 -85 -34 99 
-64 -113 64 112 34 -98 35 83 
109 -73 -3 55 0 -20 5 -18 
-108 47 -37 -72 -32 103 -66 -132 
62 144 36 -134 32 117 109 -97 
0 66 -2 -18 7 -33 -107 71 
-39 -97 -30 122 -67 -142 60 142 
38 -121 30 94 110 -71 1 45 
-4 -7 9 -31 -106 55 -42 -69 
-28 86 -69 -106 58 114 40 -106 
28 96 110 -89 4 77 -6 -48 
11 10 -105 21 -44 -48 -26 81 
-70 -117 56 140 42 -141 26 130 
110 -117 7 94 -7 -52 13 0 
-104 42 -47 -73 -24 103 -72 -131 
53 142 44 -131 24 110 110 -91 
9 70 -9 -36 15 -3 -102 32 
-49 -50 -23 69 -73 -93 51 109 
46 -109 22 103 110 -101 12 96 
-11 -74 17 39 -101 -5 -52 -22 
-21 55 -74 -96 48 128 48 -140 
20 137 110 -131 15 117 -12 -84 
19 34 -99 10 -54 -45 -19 78 
-75 -113 46 135 50 -135 19 121 
109 -106 18 91 -14 -62 20 24 
-97 7 -57 -28 -18 48 -76 -75 
43 98 52 -106 17 105 109 -107 
21 109 -16 -95 22 65 -95 -33 
-60 5 -17 26 -76 -69 40 110 
54 -131 16 137 108 -139 24 134 
-17 -111 23 67 -93 -21 -62 -15 
-15 50 -77 -89 37 121 56 -132 
14 125 107 -116 27 107 -18 -86 
24 51 -91 -17 -65 -4 -14 24 
-77 -53 34 82 57 -97 13 102 
107 -108 31 116 -20 -112 25 89 
-89 -59 -67 32 -13 -2 -77 -39 
31 85 59 -116 12 131 105 -140 
34 144 -21 -132 26 96 -87 -53 
-70 15 -12 19 -77 -61 28 100 
61 -121 11 123 104 -120 37 117 
-22 -104 27 75 -84 -42 -73 18 
-11 0 -77 -28 24 61 63 -83 
10 93 103 -103 40 117 -23 -122 
27 108 -82 -82 -75 58 -10 -32 
-77 -7 21 56 64 -95 9 118 
102 -133 43 147 -24 -146 28 121 
-79 -82 -78 45 -9 -11 -77 -29 
18 74 66 -104 9 115 100 -117 
46 121 -25 -117 28 95 -76 -65 
-80 41 -8 -23 -76 -2 15 36 
67 -64 8 80 98 -93 50 112 
-26 -126 28 121 -73 -102 -82 81 
-8 -60 -76 24 11 23 69 -68 
8 98 97 -120 53 142 -27 -152 
28 138 -71 -106 -85 73 -8 -41 
-75 2 8 44 70 -82 7 101 
95 -109 56 119 -27 -123 28 110 
-68 -84 -87 62 -7 -45 -74 23 
4 10 71 -42 7 62 93 -78 
59 101 -28 -123 28 128 -65 -116 
-89 100 -7 -84 -73 55 1 -10 
72 -38 7 74 91 -101 62 129 
-28 -150 28 149 -62 -126 -91 97 
-7 -69 -72 34 -1 11 73 -55 
7 81 89 -96 65 110 -28 -122 
28 118 -59 -99 -93 79 -7 -65 
-71 47 -5 -16 74 -17 7 41 
87 -59 68 84 -28 -113 27 128 
-56 -124 -95 115 -7 -104 -70 83 
-8 -43 75 -5 8 46 84 -77 
71 110 -28 -140 27 152 -52 -139 
-97 116 -8 -93 -69 64 -12 -21 
76 -25 8 58 82 -77 74 96 
-28 -115 26 121 -49 -109 -99 92 
-8 -82 -67 69 -15 -42 76 9 
9 17 80 -38 77 64 -28 -97 
25 121 -46 -126 -100 123 -9 -119 
-66 107 -18 -74 77 27 9 15 
77 -49 79 86 -28 -123 24 146 
-43 -145 -102 130 -9 -113 -64 90 
-22 -52 77 5 10 31 75 -55 
82 77 -27 -102 23 116 -40 -113 
-103 101 -10 -94 -63 87 -25 -66 
77 35 11 -6 72 -14 84 40 
-27 -75 22 107 -37 -122 -104 125 
-11 -128 -61 125 -28 -101 77 60 
12 -16 70 -19 87 57 -26 -100 
21 133 -33 -144 -106 137 -12 -126 
-59 111 -31 -81 77 37 13 3 
67 -30 89 54 -25 -83 20 106 
-30 -111 -107 105 -13 -101 -57 100 
-34 -86 77 59 14 -31 65 10 
91 14 -24 -50 18 87 -27 -111 
-108 121 -15 -130 -55 136 -37 -123 
77 89 15 -48 62 11 93 26 
-23 -71 17 113 -24 -135 -108 137 
-16 -134 -53 127 -40 -105 76 66 
17 -25 59 -4 95 29 -21 -60 
15 89 -21 -103 -109 103 -17 -103 
-52 107 -43 -102 75 80 18 -54 
57 34 97 -12 -20 -22 14 63 
-18 -94 -109 111 -19 -126 -50 140 
