T 11206400 ps
-53 -215 -61 -159 -73 -216 -19 -171 
T 11209600 ps
-18 -203 -68 -207 -57 -242 -79 -182 
T 11212800 ps
-69 -189 -75 -188 -52 -215 -42 -196 
T 11216 ns
-47 -216 -12 -176 -16 -184 -66 -160 
T 11219200 ps
-60 -178 -55 -206 -20 -203 -42 -218 
T 11222400 ps
-60 -186 -63 -151 -27 -186 -77 -194 
T 11225600 ps
-41 -202 -50 -161 -49 -177 -45 -170 
T 11228800 ps
-42 -190 -73 -207 -80 -188 -26 -183 
T 11232 ns
-61 -186 -35 -143 -47 -190 -50 -202 
T 11235200 ps
-40 -130 -47 -220 -19 -161 -54 -183 
T 11238400 ps
-24 -148 -32 -169 -45 -194 -31 -193 
T 11241600 ps
-9 -210 -50 -179 -53 -200 -55 -188 
T 11244800 ps
-32 -187 -67 -149 -43 -174 -69 -127 
T 11248 ns
-57 -189 -44 -167 -24 -194 -83 -144 
T 11251200 ps
-30 -152 -36 -166 -49 -170 -59 -156 
T 11254400 ps
-49 -178 -68 -167 -49 -188 -39 -154 
T 11257600 ps
-82 -178 -74 -196 -56 -184 -60 -196 
T 11260800 ps
-51 -190 -75 -211 -48 -154 -21 -185 
T 11264 ns
-49 -162 -60 -174 -52 -156 -53 -177 
T 11267200 ps
-18 -183 -20 -141 -60 -199 -49 -158 
T 11270400 ps
-48 -197 -61 -156 -43 -190 -14 -159 
T 11273600 ps
-41 -162 -85 -174 -15 -181 -6 -166 
T 11276800 ps
-4 -159 -46 -150 -26 -179 -24 -158 
T 11280 ns
-21 -167 -62 -162 -87 -157 -65 -176 
T 11283200 ps
-48 -128 -20 -174 -38 -152 -5 -135 
T 11286400 ps
-43 -191 -50 -194 -54 -151 -30 -185 
T 11289600 ps
-52 -150 6 -164 -47 -174 -33 -149 
T 11292800 ps
-55 -176 -37 -205 -17 -150 -48 -167 
T 11296 ns
-35 -141 -51 -156 -18 -189 -31 -165 
T 11299200 ps
-53 -158 -63 -133 -37 -188 -45 -172 
T 11302400 ps
-46 -174 -41 -137 -81 -151 -38 -140 
T 11305600 ps
-50 -157 -46 -176 -14 -111 -26 -171 
T 11308800 ps
-1 -140 -2 -147 -6 -148 -44 -153 
T 11312 ns
-53 -141 -19 -178 -30 -148 -62 -165 
T 11315200 ps
8 -128 -20 -141 -15 -135 -23 -174 
T 11318400 ps
-28 -161 -19 -102 -75 -111 -14 -169 
T 11321600 ps
-23 -199 -22 -158 -8 -114 -20 -153 
T 11324800 ps
-42 -131 -41 -150 -35 -148 -11 -144 
T 11328 ns
-39 -170 -6 -143 -50 -125 -44 -116 
T 11331200 ps
-30 -132 -19 -189 -58 -161 -26 -167 
T 11334400 ps
-39 -154 -28 -153 -42 -132 -6 -165 
T 11337600 ps
-35 -173 0 -127 -62 -155 -51 -151 
T 11340800 ps
-28 -151 -23 -142 -20 -142 -35 -143 
T 11344 ns
-41 -114 -25 -156 -26 -166 -55 -147 
T 11347200 ps
-19 -125 1 -152 -34 -134 -42 -112 
T 11350400 ps
2 -134 -27 -146 -32 -161 -71 -167 
T 11353600 ps
-12 -143 -8 -160 -46 -170 -42 -158 
T 11356800 ps
-12 -133 2 -148 9 -137 -66 -175 
T 11360 ns
8 -180 -15 -119 -19 -184 -36 -112 
T 11363200 ps
-6 -140 -14 -158 -21 -142 -30 -131 
T 11366400 ps
-32 -185 -4 -105 -9 -156 -88 -108 
T 11369600 ps
-19 -139 -32 -107 -23 -134 -10 -155 
T 11372800 ps
-70 -139 -42 -147 -42 -146 -27 -131 
T 11376 ns
-30 -101 -43 -117 -4 -149 -21 -136 
T 11379200 ps
-1 -128 -6 -132 -14 -140 -13 -115 
T 11382400 ps
-3 -139 -33 -138 -10 -156 -54 -83 
T 11385600 ps
-37 -151 -79 -140 12 -99 -30 -106 
T 11388800 ps
-18 -119 2 -139 -17 -108 -14 -95 
T 11392 ns
-29 -147 -38 -154 2 -119 0 -136 
T 11395200 ps
-59 -118 -31 -146 -19 -135 -34 -133 
T 11398400 ps
-2 -167 6 -108 -20 -92 -14 -113 
T 11401600 ps
-16 -140 -5 -109 0 -149 -43 -122 
T 11404800 ps
-40 -133 -12 -114 -14 -93 -7 -155 
T 11408 ns
-31 -90 -18 -156 -4 -85 -40 -106 
T 11411200 ps
-13 -135 -16 -144 2 -112 -41 -107 
T 11414400 ps
-20 -75 -24 -101 -44 -151 -12 -136 
T 11417600 ps
-41 -133 -38 -81 -43 -145 -32 -105 
T 11420800 ps
-56 -125 -32 -111 -5 -144 -47 -123 
T 11424 ns
-24 -77 -12 -108 -4 -120 -66 -143 
T 11427200 ps
-46 -121 58 -57 7 -69 4 -131 
T 11430400 ps
-44 -95 -43 -106 42 -94 -6 -109 
T 11433600 ps
-11 -126 173 -198 -23 -101 -25 -108 
T 11436800 ps
-22 -79 32 -114 -19 -128 3 -125 
T 11440 ns
-35 -140 -52 -93 -9 -123 -3 -130 
T 11443200 ps
-15 -104 -18 -112 -17 -141 11 -100 
T 11446400 ps
19 -90 -29 -110 -19 -103 -19 -91 
T 11449600 ps
-4 -109 -28 -205 -11 -108 -18 -75 
T 11452800 ps
-51 -104 -46 -112 -32 -93 1 -98 
T 11456 ns
-4 -87 -43 -71 -15 -109 -17 -88 
T 11459200 ps
-20 -86 -14 -109 -37 -115 -17 -91 
T 11462400 ps
-17 -123 12 -98 -21 -113 -24 -115 
T 11465600 ps
-3 -102 -49 -114 -20 -95 -52 -113 
T 11468800 ps
4 -101 -34 -114 -38 -104 -22 -85 
T 11472 ns
19 -125 11 -82 -11 -95 -15 -123 
T 11475200 ps
-35 -126 -16 -96 -25 -91 -33 -95 
T 11478400 ps
17 -98 -22 -122 -22 -107 -17 -116 
T 11481600 ps
-39 -43 45 -186 13 -115 -3 -119 
T 11484800 ps
-18 -120 -9 -97 -36 -86 -41 -96 
T 11488 ns
11 -116 -6 -136 -19 -100 39 -58 
T 11491200 ps
17 -92 -19 -94 25 -89 -16 -90 
T 11494400 ps
-5 -92 36 -110 0 -110 -7 -73 
T 11497600 ps
-14 -79 -6 -99 35 -109 -25 -71 
T 11500800 ps
18 -121 21 -94 -49 -93 -38 -105 
T 11504 ns
-5 -92 28 -65 2 -85 -28 -90 
T 11507200 ps
-30 -89 -10 -81 2 -87 -27 -118 
T 11510400 ps
-20 -66 2 -63 -27 -97 -20 -67 
T 11513600 ps
0 -69 -32 -95 -62 -124 -20 -75 
T 11516800 ps
7 -64 1 -64 0 -78 -2 -61 
T 11520 ns
-13 -38 10 -97 -8 -97 6 -57 
T 11523200 ps
-9 -72 -32 -79 -32 -59 -22 -86 
T 11526400 ps
14 -69 -17 -56 8 -87 -39 -81 
T 11529600 ps
-26 -101 37 -90 -6 -66 35 -63 
T 11532800 ps
4 -33 -55 -41 19 -40 45 -41 
T 11536 ns
-11 -79 6 -68 5 -48 -38 -62 
T 11539200 ps
-38 -56 -9 -70 -10 -44 1 -79 
T 11542400 ps
3 -55 -41 -54 -31 -66 26 -20 
T 11545600 ps
0 2 35 -84 16 -59 -32 -71 
T 11548800 ps
14 -43 31 -57 -43 -54 13 -49 
T 11552 ns
-18 -56 22 -44 0 -71 -19 -35 
T 11555200 ps
-11 -36 -50 -64 -30 -61 -1 -33 
T 11558400 ps
-4 -42 -28 -56 -28 -40 23 -49 
T 11561600 ps
-1 -65 -12 -41 -14 -9 -34 -45 
T 11564800 ps
-7 -50 11 -31 -4 -48 15 -33 
T 11568 ns
11 -14 0 -13 -14 0 -18 -49 
T 11571200 ps
-23 -65 -3 -45 -2 -26 -7 -30 
T 11574400 ps
-6 -17 -89 -68 -103 -13 68 -104 
T 11577600 ps
52 -86 -8 -27 -9218 -721 -29703 13898 
T 11580800 ps
12 -46 -22 6 48 -21 -60 -76 
T 11584 ns
15 -36 -6 -57 9 -17 33 -23 
T 11587200 ps
-12 -36 -5 -64 -5 -25 16 -63 
T 11590400 ps
-2 -5 22 -24 -30 22 15 -23 
T 11593600 ps
-24 -9 4 -35 0 -19 -17 7 
T 11596800 ps
38 -34 -3 19 20 12 -36 -14 
T 11600 ns
23 26 -24 18 -21 -21 -4 19 
T 11603200 ps
-16 -8 19 -32 -18 21 4 -2 
T 11606400 ps
8 14 1 51 -27 7 5 -1 
T 11609600 ps
-36 5 23 36 -16 10 0 32 
T 11612800 ps
16 0 -10 -2 -20 50 11 26 
T 11616 ns
16 21 -16 40 29 58 24 25 
T 11619200 ps
-30 68 34 12 7 45 6 17 
T 11622400 ps
-28 61 15 33 -19 30 7 99 
T 11625600 ps
-16 93 32 44 7 65 13 56 
T 11628800 ps
-21 95 16 34 -6 91 1 87 
T 11632 ns
-30 83 2 88 -25 97 -3 85 
T 11635200 ps
-21 130 28 151 -11 145 -20 83 
T 11638400 ps
-22 103 6 156 -1 128 -12 152 
T 11641600 ps
-10 172 31 168 -13 159 10 160 
T 11644800 ps
-15 174 17 180 -27 223 3 219 
T 11648 ns
-7 262 6 273 12 229 27 202 
T 11651200 ps
-40 274 1802 -5799 -9237 941 -23 304 
T 11654400 ps
-23 293 -50 336 -38 358 -33 331 
T 11657600 ps
48 372 -2 412 -26 424 14 478 
T 11660800 ps
-19 503 20 516 -19 559 -21 594 
T 11664 ns
-20 642 -3 687 -6 731 52 811 
T 11667200 ps
-33 903 10 941 -59 1068 16 1170 
T 11670400 ps
-13 1323 -21 1525 -50 1792 -62 2116 
T 11673600 ps
-58 2655 -90 3447 -113 4830 -225 8110 
T 11676800 ps
-664 24364 689 -25511 219 -8499 163 -5114 
T 11680 ns
121 -3701 66 -2887 65 -2388 21 -2019 
T 11683200 ps
64 -1778 30 -1591 55 -1454 -5 -1313 
T 11686400 ps
37 -1247 26 -1116 27 -1049 2 -971 
T 11689600 ps
63 -946 10 -890 30 -878 56 -830 
T 11692800 ps
3 -741 49 -723 4 -751 -11 -684 
T 11696 ns
29 -657 -15 -622 18 -611 30 -591 
T 11699200 ps
27 -558 13 -516 39 -545 14 -558 
T 11702400 ps
-28 -577 25 -492 -37 -518 1 -496 
T 11705600 ps
14 -474 37 -490 33 -469 -13 -446 
T 11708800 ps
-16 -418 34 -442 17 -432 17 -391 
T 11712 ns
-15 -431 -2 -389 16 -394 -21 -390 
T 11715200 ps
-16 -389 14 -397 1 -402 39 -384 
T 11718400 ps
41 -323 22 -377 6 -409 -9 -375 
T 11721600 ps
-16 -360 -9 -376 -29 -370 -31 -334 
T 11724800 ps
-307 -524 149 -278 78 -277 45 -343 
T 11728 ns
57 -316 46 -351 45 -326 60 -275 
T 11731200 ps
104 -292 -54 -300 -7 -310 31 -267 
T 11734400 ps
16 -271 39 -291 -5 -290 32 -279 
T 11737600 ps
53 -297 62 -357 30 -284 14 -299 
T 11740800 ps
43 -286 2 -250 15 -305 11 -284 
T 11744 ns
52 -256 46 -270 41 -254 40 -249 
T 11747200 ps
36 -219 21 -266 31 -264 4 -272 
T 11750400 ps
40 -287 24 -270 -18 -249 -6 -273 
T 11753600 ps
9 -227 8 -227 19 -259 5 -226 
T 11756800 ps
24 -214 -9 -222 -18 -207 -34 -241 
T 11760 ns
53 -233 43 -251 8 -252 21 -238 
T 11763200 ps
42 -254 47 -240 -6 -257 17 -251 
T 11766400 ps
-7 -242 -3 -240 14 -238 32 -198 
T 11769600 ps
39 -231 -22 -259 42 -229 -4 -211 
T 11772800 ps
108 -249 9 -215 -3 -267 15 -213 
T 11776 ns
-26 -223 33 -205 5 -211 13 -238 
T 11779200 ps
34 -243 18 -227 -10 -226 53 -223 
T 11782400 ps
-1 -229 -19 -214 -7 -198 25 -232 
T 11785600 ps
-1 -193 -3 -229 -2 -228 -6 -227 
T 11788800 ps
10 -242 -22 -216 52 -179 14 -183 
T 11792 ns
41 -213 43 -223 31 -235 -4 -169 
T 11795200 ps
16 -221 49 -180 3 -221 9 -224 
T 11798400 ps
15 -184 2 -189 17 -206 -30 -201 
T 11801600 ps
15 -220 19 -191 28 -194 29 -184 
T 11804800 ps
6 -180 -23 -174 43 -181 58 -194 
T 11808 ns
24 -208 15 -168 57 -207 42 -198 
T 11811200 ps
29 -226 -3 -204 14 -161 47 -195 
T 11814400 ps
-8 -161 47 -174 20 -211 1 -168 
T 11817600 ps
20 -181 12 -188 30 -203 31 -224 
T 11820800 ps
16 -160 -4 -189 15 -177 45 -187 
T 11824 ns
18 -187 -18 -164 22 -168 -22 -181 
T 11827200 ps
-23 -184 31 -188 12 -152 34 -220 
T 11830400 ps
26 -174 32 -216 13 -184 17 -169 
T 11833600 ps
3 -199 19 -178 36 -152 6 -172 
T 11836800 ps
32 -142 34 -190 28 -179 -1 -180 
T 11840 ns
22 -131 24 -186 -20 -162 3 -177 
T 11843200 ps
58 -170 11 -159 -8 -172 52 -193 
T 11846400 ps
20 -176 6 -164 19 -185 38 -172 
T 11849600 ps
-7 -159 -19 -160 22 -171 48 -225 
T 11852800 ps
12 -169 31 -135 24 -193 44 -169 
T 11856 ns
22 -159 52 -157 47 -166 20 -165 
T 11859200 ps
25 -143 -22 -151 50 -179 29 -165 
T 11862400 ps
18 -161 12 -166 45 -164 7 -181 
T 11865600 ps
17 -137 -9 -164 12 -170 11 -191 
T 11868800 ps
18 -183 -8 -155 -2 -141 43 -125 
T 11872 ns
23 -193 8 -180 -28 -152 2 -167 
T 11875200 ps
49 -160 -44 -135 25 -166 30 -119 
T 11878400 ps
56 -163 41 -168 93 -211 22 -135 
T 11881600 ps
-4 -147 -1 -165 48 -141 -11 -195 
T 11884800 ps
21 -189 6 -166 45 -140 -16 -189 
T 11888 ns
-1 -115 19 -182 -5 -175 26 -167 
T 11891200 ps
20 -170 -9 -137 4 -152 13 -151 
T 11894400 ps
11 -162 32 -174 10 -202 0 -164 
T 11897600 ps
38 -131 34 -175 21 -161 18 -155 
T 11900800 ps
9 -148 11 -196 -17 -142 39 -187 
T 11904 ns
55 -183 10 -159 19 -182 36 -167 
T 11907200 ps
28 -146 33 -128 31 -157 30 -165 
T 11910400 ps
27 -171 28 -152 42 -155 22 -144 
T 11913600 ps
27 -171 34 -164 37 -131 -25 -160 
T 11916800 ps
34 -165 7 -175 30 -168 -40 -164 
T 11920 ns
-4 -173 9 -180 19 -186 2 -162 
T 11923200 ps
20 -170 21 -167 10 -125 25 -134 
T 11926400 ps
-27 -130 29 -149 11 -169 43 -163 
T 11929600 ps
28 -183 51 -147 -18 -155 -11 -157 
T 11932800 ps
15 -153 6 -160 45 -150 46 -201 
T 11936 ns
45 -160 22 -149 52 -154 38 -161 
T 11939200 ps
-4 -146 30 -137 44 -146 -32 -162 
T 11942400 ps
9 -158 7 -152 7 -127 29 -168 
T 11945600 ps
-19 -166 -3 -157 15 -170 42 -118 
T 11948800 ps
34 -144 -27 -176 23 -155 38 -178 
T 11952 ns
43 -155 40 -183 8 -174 34 -151 
T 11955200 ps
2 -157 18 -128 11 -151 38 -145 
T 11958400 ps
26 -174 -3 -145 33 -155 4 -137 
T 11961600 ps
35 -116 31 -133 24 -174 70 -148 
T 11964800 ps
34 -146 54 -144 13 -121 58 -139 
T 11968 ns
-26 -111 19 -136 4 -161 -5 -120 
T 11971200 ps
50 -122 19 -148 14 -129 8 -170 
T 11974400 ps
-4 -126 37 -151 18 -191 -2 -151 
T 11977600 ps
31 -152 56 -166 46 -127 1 -173 
T 11980800 ps
-5 -158 28 -159 28 -142 24 -162 
T 11984 ns
-2 -143 18 -129 4 -157 15 -120 
T 11987200 ps
28 -152 -11 -100 -2 -123 44 -122 
T 11990400 ps
39 -137 38 -138 41 -172 15 -165 
T 11993600 ps
3 -144 34 -139 18 -161 35 -110 
T 11996800 ps
41 -126 30 -142 35 -132 72 -179 
T 12 us
-1 -174 0 -133 21 -146 68 -126 
T 12003200 ps
2 -163 51 -154 7 -143 34 -115 
T 12006400 ps
16 -152 9 -150 60 -139 21 -113 
T 12009600 ps
14 -138 20 -71 55 -171 23 -183 
T 12012800 ps
5 -181 55 -128 37 -165 29 -146 
T 12016 ns
45 -120 30 -126 34 -138 34 -154 
T 12019200 ps
45 -135 -6 -124 18 -134 14 -118 
T 12022400 ps
TLAST
13 -103 18 -155 11 -139 1 -129 
