0 0 73 -50 7 85 90 -108 
63 129 -28 -144 28 138 -60 -113 
-92 84 -7 -60 -72 31 -3 6 
74 -43 7 65 88 -77 66 92 
-28 -109 27 114 -57 -103 -94 91 
-7 -83 -71 67 -6 -35 75 -3 
7 35 86 -61 69 93 -28 -126 
27 144 -54 -139 -96 124 -7 -108 
-69 80 -10 -35 75 -16 8 57 
83 -86 72 113 -28 -136 26 142 
-51 -126 -98 102 -8 -81 -68 58 
-13 -22 76 -16 8 43 81 -59 
75 77 -28 -99 26 112 -48 -109 
-99 101 -8 -97 -67 88 -16 -62 
77 25 9 7 79 -35 78 69 
-28 -108 25 136 -45 -142 -101 135 
-9 -125 -65 106 -20 -68 77 17 
10 27 76 -60 80 91 -27 -122 
24 139 -42 -133 -102 115 -10 -99 
-63 81 -23 -50 77 11 10 19 
74 -38 83 57 -27 -83 23 104 
-38 -108 -104 105 -11 -105 -62 104 
-26 -86 77 53 11 -19 71 -8 
85 41 -26 -84 22 120 -35 -137 
-105 139 -12 -136 -60 127 -29 -97 
77 51 12 -5 69 -31 88 64 
-25 -101 20 128 -32 -133 -106 123 
-13 -111 -58 99 -33 -75 77 38 
13 -5 66 -15 90 35 -24 -63 
19 90 -29 -102 -107 104 -14 -109 
-56 114 -36 -105 77 78 15 -47 
63 19 92 12 -23 -55 18 99 
-26 -125 -108 135 -15 -140 -55 140 
-39 -122 76 82 16 -37 61 0 
94 35 -22 -75 16 111 -23 -126 
-109 124 -17 -118 -53 112 -41 -95 
76 63 17 -30 58 8 96 11 
-21 -40 15 71 -20 -90 -109 98 
-18 -107 -51 118 -44 -119 75 100 
19 -72 56 46 98 -17 -19 -24 
13 71 -17 -107 -110 125 -20 -138 
-49 147 -47 -139 74 109 20 -67 
53 30 100 4 -18 -45 12 87 
-14 -113 -110 119 -21 -118 -47 119 
-50 -111 73 85 22 -54 50 31 
102 -12 -16 -14 10 48 -11 -74 
-110 87 -23 -99 -45 116 -52 -126 
72 116 24 -93 48 71 103 -46 
-14 8 8 40 -8 -83 -110 109 
-25 -128 -43 145 -55 -150 71 130 
25 -94 45 59 104 -26 -12 -13 
6 59 -5 -93 -110 108 -27 -113 
-41 120 -57 -120 70 103 27 -75 
43 52 106 -35 -10 11 5 22 
-3 -53 -110 71 -29 -86 -39 107 
-59 -126 68 126 29 -110 40 92 
107 -73 -8 40 3 7 0 -54 
-109 87 -31 -112 -37 136 -61 -152 
67 144 31 -116 38 85 108 -55 
-6 18 1 28 2 -68 -109 91 
-34 -102 -35 114 -63 -122 65 114 
33 -92 36 71 108 -57 -4 36 
0 -4 4 -29 -108 51 -36 -69 
-33 93 -65 -119 63 129 35 -122 
33 109 109 -96 -1 70 -1 -26 
6 -22 -107 61 -38 -90 -31 121 
-67 -146 61 151 37 -133 31 107 
109 -81 0 49 -3 -4 9 -40 
-106 70 -41 -86 -29 103 -68 -118 
59 120 39 -104 29 87 110 -75 
3 60 -5 -31 11 -3 -105 29 
-43 -48 -27 75 -70 -106 57 126 
41 -127 27 120 110 -113 6 96 
-7 -59 13 10 -104 31 -46 -64 
-25 99 -71 -133 54 150 43 -143 
25 123 110 -103 8 77 -8 -36 
15 -9 -103 44 -48 -66 -23 86 
-72 -108 52 119 45 -111 23 97 
110 -89 11 79 -10 -56 16 23 
-101 4 -51 -25 -22 52 -74 -87 
49 115 47 -126 21 126 110 -125 
14 117 -12 -88 18 44 -100 0 
-53 -35 -20 72 -74 -112 47 141 
49 -145 19 134 110 -120 17 101 
-13 -67 20 21 -98 17 -56 -42 
-18 65 -75 -92 44 111 51 -112 
18 103 109 -98 20 94 -15 -78 
21 48 -96 -20 -59 -1 -17 26 
-76 -63 41 98 53 -118 16 125 
108 -131 23 132 -16 -113 22 75 
-94 -32 -61 -4 -16 42 -76 -86 
38 124 55 -140 15 138 108 -130 
26 119 -18 -93 24 51 -92 -11 
-64 -17 -14 41 -77 -71 35 97 
57 -107 14 104 107 -103 29 104 
-19 -95 25 71 -90 -44 -66 23 
-13 0 -77 -36 32 76 59 -104 
12 118 106 -130 33 139 -21 -132 
26 102 -87 -62 -69 26 -12 10 
-77 -56 29 101 60 -128 11 134 
105 -134 36 131 -22 -114 26 79 
-85 -39 -72 9 -11 15 -77 -46 
26 78 62 -96 10 99 103 -102 
39 109 -23 -108 27 90 -83 -66 
-74 46 -10 -26 -77 -7 22 49 
64 -84 10 105 102 -122 42 140 
-24 -144 28 124 -80 -90 -77 56 
-9 -22 -77 -22 19 72 65 -108 
9 124 101 -131 45 136 -25 -129 
28 102 -77 -65 -79 35 -9 -10 
-76 -19 16 55 67 -80 8 89 
99 -96 48 107 -26 -114 28 105 
-75 -85 -81 67 -8 -50 -76 21 
13 20 68 -59 8 86 97 -108 
52 133 -26 -148 28 140 -72 -113 
-84 83 -8 -53 -75 11 9 39 
70 -83 7 108 96 -122 55 134 
-27 -137 28 120 -69 -88 -86 59 
-7 -35 -75 7 6 28 71 -59 
7 75 94 -85 58 100 -28 -114 
28 114 -66 -99 -88 85 -7 -73 
-74 49 2 -10 72 -31 7 63 
92 -89 61 119 -28 -144 28 148 
-63 -131 -90 106 -7 -81 -73 45 
0 5 73 -54 7 86 90 -106 
64 125 -28 -138 28 131 -60 -107 
-92 80 -7 -59 -72 34 -4 0 
74 -35 7 56 87 -69 67 87 
-28 -108 27 116 -57 -109 -94 99 
-7 -91 -70 75 -7 -40 75 -1 
7 36 85 -65 70 99 -28 -132 
27 149 -54 -142 -96 124 -7 -105 
-69 75 -10 -29 76 -21 8 60 
83 -86 73 110 -28 -131 26 136 
-50 -119 -98 97 -8 -79 -68 59 
-14 -26 76 -9 8 35 81 -51 
75 70 -28 -96 25 112 -47 -113 
-100 107 -8 -105 -66 96 -17 -69 
77 29 9 7 78 -39 78 74 
-28 -114 24 141 -44 -146 -101 136 
-9 -123 -65 102 -20 -63 77 12 
10 30 76 -61 81 89 -27 -117 
24 132 -41 -126 -103 109 -10 -95 
-63 80 -24 -53 77 17 10 11 
73 -29 83 50 -27 -78 22 102 
-38 -111 -104 110 -11 -113 -62 112 
-27 -93 77 58 11 -21 71 -10 
86 46 -26 -89 21 126 -35 -142 
-105 141 -12 -136 -60 123 -30 -92 
77 45 12 0 68 -33 88 64 
-25 -97 20 122 -31 -126 -106 116 
-13 -106 -58 97 -33 -76 77 43 
14 -13 66 -6 91 27 -24 -57 
19 86 -28 -103 -107 108 -14 -115 
-56 122 -36 -113 77 84 15 -50 
63 19 93 15 -23 -60 17 104 
-25 -131 -108 139 -15 -141 -54 138 
-39 -117 76 76 16 -31 60 -4 
95 36 -22 -73 16 105 -22 -120 
-109 116 -17 -111 -52 108 -42 -95 
76 67 18 -37 58 16 97 3 
-21 -32 14 66 -19 -89 -109 100 
-18 -112 -50 125 -45 -126 75 106 
19 -76 55 47 99 -15 -19 -28 
13 77 -16 -113 -110 130 -20 -139 
-48 145 -47 -136 74 103 21 -61 
53 25 100 6 -17 -44 11 83 
-13 -106 -110 111 -22 -111 -46 113 
-50 -108 73 87 22 -59 50 38 
102 -21 -16 -6 10 41 -10 -70 
-110 87 -24 -103 -44 122 -53 -133 
72 123 24 -99 47 73 103 -46 
-14 5 8 45 -7 -88 -110 114 
-26 -131 -42 145 -55 -147 71 125 
26 -88 45 53 105 -22 -12 -14 
6 56 -5 -88 -110 100 -28 -105 
-40 113 -57 -116 69 102 28 -78 
42 58 106 -44 -10 20 4 14 
-2 -48 -110 69 -30 -88 -38 112 
-60 -133 68 133 29 -117 40 96 
107 -74 -8 38 3 11 0 -59 
-109 92 -32 -116 -36 137 -62 -150 
66 140 31 -111 38 79 108 -50 
-6 16 1 26 2 -64 -109 84 
-34 -94 -34 106 -64 -117 64 112 
33 -93 35 76 108 -64 -3 45 
0 -12 4 -22 -108 48 -36 -69 
-32 97 -65 -125 63 137 35 -129 
33 114 109 -98 -1 69 -2 -23 
7 -27 -107 66 -39 -95 -30 123 
-67 -146 61 148 37 -128 31 101 
110 -76 1 46 -4 -4 9 -37 
-106 64 -41 -79 -28 95 -69 -111 
58 116 39 -104 29 89 110 -81 
3 68 -5 -39 11 4 -105 24 
-44 -47 -27 76 -70 -111 56 132 
41 -134 27 126 110 -117 6 97 
-7 -57 13 6 -104 36 -46 -69 
-25 102 -71 -133 54 148 43 -138 
25 117 110 -97 9 73 -9 -35 
15 -8 -102 40 -49 -59 -23 78 
-73 -100 51 113 45 -109 23 99 
110 -93 12 86 -10 -65 17 31 
-101 -1 -51 -22 -21 52 -74 -90 
49 121 47 -133 21 132 110 -129 
15 119 -12 -87 18 40 -99 4 
-54 -40 -20 76 -75 -114 46 140 
49 -141 19 128 110 -113 18 95 
-14 -63 20 21 -98 14 -56 -36 
-18 57 -75 -83 43 104 51 -108 
18 103 109 -101 21 100 -15 -86 
21 57 -96 -27 -59 3 -17 25 
-76 -65 40 103 53 -124 16 132 
108 -136 24 134 -17 -113 23 72 
-94 -27 -62 -10 -15 47 -77 -89 
38 124 55 -137 15 132 108 -124 
27 113 -18 -88 24 50 -92 -12 
-64 -12 -14 34 -77 -62 35 89 
57 -101 13 101 107 -104 30 109 
-19 -103 25 80 -89 -52 -67 28 
-13 -2 -77 -36 31 79 59 -109 
12 124 106 -135 33 143 -21 -133 
26 100 -87 -58 -69 21 -12 15 
-77 -59 28 102 61 -126 11 130 
105 -128 36 124 -22 -108 26 76 
-85 -39 -72 12 -11 9 -77 -38 
25 69 62 -89 10 95 103 -101 
39 111 -23 -114 27 98 -82 -74 
-75 53 -10 -30 -77 -6 22 51 
64 -88 9 111 102 -128 43 144 
-24 -146 28 124 -79 -87 -77 51 
-9 -16 -77 -27 19 74 66 -108 
9 121 100 -126 46 129 -25 -123 
28 98 -77 -63 -79 36 -9 -15 
-76 -12 15 46 67 -72 8 84 
99 -93 49 108 -26 -119 28 112 
-74 -93 -82 75 -8 -56 -76 24 
12 20 69 -63 8 92 97 -114 
52 138 -26 -151 28 141 -71 -111 
-84 79 -8 -47 -75 6 9 43 
70 -84 7 106 95 -117 55 127 
-27 -130 28 114 -68 -85 -86 59 
-7 -39 -74 14 5 20 71 -51 
7 68 93 -80 58 99 -28 -117 
28 120 -65 -107 -89 93 -7 -79 
-74 54 2 -11 72 -33 7 68 
91 -95 61 125 -28 -148 28 150 
-62 -130 -91 103 -7 -76 -73 39 
-1 9 73 -56 7 86 89 -103 
64 119 -28 -130 28 125 -59 -102 
-93 78 -7 -60 -71 39 -4 -6 
74 -26 7 48 87 -63 67 85 
-28 -109 27 121 -56 -116 -95 106 
-7 -98 -70 80 -8 -43 75 -2 
8 40 85 -71 70 105 -28 -137 
27 152 -53 -142 -96 122 -8 -100 
