36 114 56 -123 14 116 107 -109 
28 103 -19 -86 24 56 -91 -26 
-65 5 -14 14 -77 -44 33 76 
58 -96 13 105 106 -115 31 125 
-20 -121 25 97 -88 -64 -68 33 
-12 0 -77 -45 30 92 60 -123 
12 135 105 -141 34 142 -21 -127 
26 90 -86 -46 -71 10 -11 21 
-77 -58 27 94 61 -113 11 114 
104 -111 38 111 -22 -102 27 78 
-83 -49 -73 28 -10 -10 -77 -18 
24 53 63 -80 10 95 103 -108 
41 125 -23 -132 27 116 -81 -88 
-76 61 -10 -31 -77 -11 20 62 
65 -102 9 123 101 -136 44 146 
-24 -142 28 114 -78 -75 -78 39 
-9 -8 -77 -29 17 69 66 -97 
8 106 100 -108 47 113 -25 -112 
28 95 -76 -70 -81 50 -8 -33 
-76 8 14 27 68 -59 8 79 
98 -96 50 119 -26 -135 28 130 
-73 -109 -83 86 -8 -60 -76 21 
10 29 69 -75 7 104 96 -124 
54 142 -27 -149 28 133 -70 -100 
-85 66 -7 -36 -75 1 7 41 
70 -76 7 92 94 -100 57 110 
-27 -117 28 108 -67 -87 -87 68 
-7 -55 -74 34 4 0 72 -35 
7 59 92 -79 60 106 -28 -130 
28 137 -64 -124 -90 106 -7 -86 
-73 54 0 -5 73 -44 7 80 
90 -106 63 131 -28 -149 28 145 
-61 -119 -92 90 -7 -63 -72 31 
-2 10 74 -50 7 74 88 -86 
66 100 -28 -114 28 114 -58 -100 
-94 84 -7 -74 -71 58 -6 -27 
75 -8 7 36 86 -59 69 88 
-28 -119 27 136 -55 -133 -95 121 
-7 -108 -70 83 -9 -40 75 -11 
8 52 84 -83 72 113 -28 -140 
26 148 -52 -133 -97 109 -8 -86 
-68 59 -12 -20 76 -22 8 51 
81 -68 74 86 -28 -106 26 115 
-49 -107 -99 95 -8 -89 -67 79 
-16 -53 76 18 9 10 79 -35 
77 65 -28 -102 25 128 -45 -135 
-101 131 -9 -124 -65 108 -19 -72 
77 23 9 21 77 -56 80 90 
-28 -124 24 144 -42 -140 -102 123 
-9 -105 -64 84 -22 -49 77 6 
10 26 74 -47 82 67 -27 -91 
23 108 -39 -109 -103 101 -10 -99 
-62 95 -26 -77 77 45 11 -15 
72 -9 85 39 -26 -78 22 114 
-36 -130 -105 133 -11 -134 -60 127 
-29 -101 77 56 12 -10 69 -26 
87 62 -26 -102 21 132 -33 -140 
-106 130 -12 -118 -59 104 -32 -76 
77 36 13 0 67 -23 90 45 
-25 -72 19 96 -29 -105 -107 103 
-14 -104 -57 106 -35 -96 77 70 
14 -40 64 16 92 11 -24 -51 
18 92 -26 -118 -108 130 -15 -137 
-55 140 -38 -124 76 86 16 -42 
61 5 94 31 -22 -75 16 113 
-23 -132 -108 131 -16 -126 -53 119 
-41 -99 76 63 17 -26 59 0 
96 21 -21 -49 15 79 -20 -95 
-109 99 -18 -103 -51 112 -44 -110 
75 91 18 -64 56 42 98 -16 
-20 -21 13 66 -17 -100 -110 119 
-19 -133 -49 145 -46 -141 75 113 
20 -73 53 36 100 0 -18 -43 
12 89 -14 -117 -110 126 -21 -127 
-47 127 -49 -116 74 87 22 -52 
51 25 101 -3 -16 -24 10 57 
-11 -80 -110 89 -23 -97 -45 111 
-52 -118 72 107 23 -85 48 65 
103 -44 -15 9 9 36 -9 -77 
-110 103 -25 -123 -43 142 -54 -150 
71 133 25 -99 46 65 104 -31 
-13 -10 7 59 -6 -96 -110 114 
-27 -121 -41 128 -56 -126 70 106 
27 -75 43 48 105 -28 -11 2 
5 32 -3 -61 -110 75 -29 -87 
-39 104 -59 -119 68 117 29 -102 
41 85 106 -69 -9 40 3 4 
0 -49 -110 81 -31 -106 -37 133 
-61 -151 67 146 31 -121 38 91 
107 -61 -6 22 2 26 1 -70 
-109 96 -33 -110 -35 123 -63 -130 
65 120 32 -94 36 69 108 -51 
-4 28 0 5 4 -38 -108 58 
-36 -72 -33 92 -65 -114 63 122 
34 -113 34 101 109 -90 -2 68 
-1 -27 6 -18 -108 55 -38 -84 
-31 116 -66 -144 61 152 36 -137 
32 112 109 -88 0 54 -3 -7 
8 -40 -107 73 -40 -93 -29 111 
-68 -127 59 127 38 -108 29 86 
110 -70 2 52 -5 -21 10 -12 
-106 36 -43 -53 -27 75 -70 -103 
57 119 40 -119 27 112 110 -107 
5 92 -6 -59 12 13 -104 25 
-45 -58 -25 94 -71 -130 55 149 
43 -145 25 128 110 -110 8 83 
-8 -41 14 -8 -103 47 -48 -71 
-24 94 -72 -117 52 127 45 -117 
23 99 110 -87 11 73 -10 -47 
16 13 -102 13 -50 -32 -22 55 
-73 -85 50 110 47 -118 22 118 
110 -118 14 112 -11 -87 18 45 
-100 -4 -53 -29 -20 66 -74 -108 
47 139 49 -147 20 138 110 -126 
16 108 -13 -72 19 24 -98 17 
-55 -46 -19 72 -75 -101 44 120 
51 -119 18 107 109 -98 19 90 
-15 -70 21 38 -96 -10 -58 -9 
-17 31 -76 -64 42 95 53 -112 
17 117 109 -123 23 126 -16 -110 
22 75 -94 -35 -61 0 -16 36 
-76 -81 39 121 54 -140 15 141 
108 -136 26 126 -18 -99 23 55 
-92 -12 -63 -19 -15 47 -77 -79 
36 106 56 -115 14 109 107 -105 
29 102 -19 -89 24 62 -90 -34 
-66 14 -13 6 -77 -39 33 75 
58 -99 13 111 106 -122 32 133 
-20 -128 25 101 -88 -64 -68 31 
-12 4 -77 -50 30 97 60 -126 
12 136 105 -139 35 138 -21 -121 
26 84 -86 -42 -71 8 -11 20 
-77 -54 26 87 62 -105 11 106 
104 -106 38 108 -23 -103 27 83 
-83 -56 -74 37 -10 -18 -77 -11 
23 50 63 -80 10 98 102 -115 
41 132 -24 -138 27 121 -80 -91 
-76 60 -10 -27 -77 -16 20 67 
65 -106 9 125 101 -135 45 142 
-25 -136 28 108 -78 -69 -79 36 
-9 -7 -77 -26 17 63 67 -89 
8 98 99 -101 48 109 -25 -112 
28 99 -75 -76 -81 58 -8 -42 
-76 15 13 22 68 -58 8 81 
98 -101 51 125 -26 -142 28 136 
-72 -112 -83 86 -8 -57 -75 17 
10 34 69 -80 7 107 96 -124 
54 139 -27 -144 28 127 -69 -94 
-86 61 -7 -34 -75 2 6 36 
71 -68 7 84 94 -92 57 104 
-27 -114 28 109 -66 -92 -88 76 
-7 -64 -74 42 3 -6 72 -31 
7 59 92 -83 60 112 -28 -137 
28 143 -63 -129 -90 108 -7 -85 
-73 50 0 0 73 -49 7 84 
90 -108 63 129 -28 -144 28 139 
-60 -113 -92 84 -7 -60 -72 31 
-3 7 74 -44 7 66 88 -78 
66 93 -28 -110 27 114 -57 -103 
-94 90 -7 -82 -71 66 -6 -34 
75 -3 7 35 86 -61 69 93 
-28 -126 27 143 -54 -138 -96 124 
-7 -108 -69 81 -10 -35 75 -16 
8 57 83 -86 72 113 -28 -137 
26 143 -51 -127 -98 103 -8 -82 
-68 58 -13 -21 76 -17 8 44 
81 -60 75 78 -28 -100 26 112 
-48 -108 -99 100 -8 -96 -67 87 
-16 -61 77 24 9 8 79 -35 
78 69 -28 -107 25 135 -45 -141 
-101 134 -9 -125 -65 107 -20 -68 
77 17 9 26 76 -59 80 91 
-27 -122 24 140 -42 -134 -102 116 
-10 -99 -64 81 -23 -49 77 10 
10 20 74 -39 83 58 -27 -84 
23 104 -38 -108 -104 105 -10 -105 
-62 103 -26 -85 77 52 11 -19 
71 -8 85 41 -26 -83 22 120 
-35 -137 -105 138 -11 -136 -60 127 
-29 -98 77 51 12 -5 69 -30 
88 64 -25 -101 20 129 -32 -134 
-106 124 -13 -112 -58 99 -32 -75 
77 38 13 -4 66 -16 90 36 
-24 -64 19 90 -29 -102 -107 104 
-14 -108 -56 113 -36 -104 77 77 
15 -46 63 19 92 12 -23 -55 
18 98 -26 -125 -108 135 -15 -140 
-55 140 -38 -122 76 82 16 -37 
61 0 94 35 -22 -75 16 111 
-23 -127 -109 125 -17 -119 -53 113 
-41 -95 76 63 17 -30 58 7 
96 12 -21 -41 15 72 -20 -91 
-109 98 -18 -106 -51 117 -44 -118 
75 99 19 -71 56 46 98 -17 
-19 -23 13 71 -17 -106 -110 125 
-20 -137 -49 147 -47 -140 74 109 
20 -67 53 30 100 4 -18 -45 
12 87 -14 -113 -110 120 -21 -119 
-47 120 -50 -111 73 85 22 -54 
50 30 101 -11 -16 -15 10 49 
-11 -74 -110 87 -23 -99 -45 115 
-52 -125 72 115 24 -92 48 70 
103 -46 -14 8 8 40 -8 -82 
-110 109 -25 -128 -43 145 -55 -150 
71 130 25 -95 45 59 104 -26 
-12 -13 6 59 -5 -94 -110 108 
-27 -114 -41 121 -57 -120 70 103 
27 -75 43 52 105 -34 -10 10 
5 23 -3 -53 -110 71 -29 -86 
-39 107 -59 -125 68 125 29 -109 
40 92 107 -73 -8 40 3 6 
0 -53 -109 87 -31 -112 -37 136 
-61 -152 67 145 31 -117 38 85 
108 -56 -6 18 1 28 2 -69 
-109 92 -34 -103 -35 115 -63 -123 
65 115 33 -92 36 71 108 -56 
-4 35 0 -3 4 -30 -108 52 
-36 -69 -33 93 -65 -118 63 128 
35 -121 33 108 109 -95 -1 70 
-1 -26 6 -22 -107 60 -38 -90 
-31 120 -67 -146 61 151 37 -134 
31 107 109 -82 0 49 -3 -4 
8 -40 -106 70 -41 -87 -29 104 
-68 -119 59 120 39 -105 29 86 
110 -74 3 59 -5 -30 11 -4 
-105 29 -43 -49 -27 75 -70 -105 
57 125 41 -126 27 120 110 -113 
6 96 -7 -59 13 11 -104 30 
-46 -64 -25 98 -71 -133 54 150 
43 -143 25 124 110 -104 8 78 
-8 -37 15 -9 -103 45 -48 -67 
-23 87 -72 -109 52 119 45 -112 
23 97 110 -88 11 78 -10 -55 
16 22 -101 5 -51 -26 -22 52 
-74 -86 49 115 47 -125 21 125 
110 -124 14 117 -12 -88 18 44 
-100 0 -53 -35 -20 72 -74 -112 
47 141 49 -146 19 134 110 -120 
17 102 -13 -67 20 21 -98 17 
-56 -43 -19 66 -75 -93 44 112 
51 -113 18 104 109 -98 20 94 
-15 -77 21 47 -96 -19 -59 -2 
-17 27 -76 -63 41 98 53 -117 
16 124 109 -130 23 131 -16 -113 
22 75 -94 -32 -61 -4 -16 41 
-76 -86 38 124 55 -140 15 138 
108 -131 26 120 -18 -93 23 52 
-92 -11 -64 -17 -14 42 -77 -72 
35 98 57 -108 14 104 107 -103 
29 104 -19 -95 25 70 -90 -43 
-66 22 -13 1 -77 -36 32 76 
59 -103 12 117 106 -129 32 139 
-20 -132 25 102 -88 -63 -69 27 
-12 9 -77 -55 29 100 60 -128 
11 135 105 -135 36 132 -22 -115 
26 79 -85 -39 -71 8 -11 16 
