T 11200 ns
274 230 -362 -76 -33 84 -315 211 
T 11206400 ps
140 177 -119 290 -34 249 19 296 
T 11209600 ps
237 205 119 128 145 138 68 228 
T 11212800 ps
110 243 67 295 153 273 126 312 
T 11216 ns
260 272 184 191 204 249 119 227 
T 11219200 ps
256 214 180 302 159 250 137 346 
T 11222400 ps
191 276 191 274 220 268 222 289 
T 11225600 ps
205 269 215 347 195 347 236 351 
T 11228800 ps
278 313 199 259 234 327 234 296 
T 11232 ns
241 305 264 347 269 365 254 349 
T 11235200 ps
272 322 303 332 245 348 209 365 
T 11238400 ps
275 410 226 405 228 439 253 426 
T 11241600 ps
292 445 306 432 257 428 271 435 
T 11244800 ps
299 431 253 494 282 476 256 439 
T 11248 ns
303 467 305 483 305 466 253 528 
T 11251200 ps
290 475 297 568 309 548 334 599 
T 11254400 ps
368 566 343 599 351 579 341 619 
T 11257600 ps
367 604 346 684 332 702 370 700 
T 11260800 ps
363 738 389 733 406 790 399 825 
T 11264 ns
409 816 459 926 438 1001 494 1027 
T 11267200 ps
490 1087 470 1171 583 1252 600 1373 
T 11270400 ps
644 1499 671 1656 738 1908 834 2166 
T 11273600 ps
994 2601 1177 3195 1518 4275 2214 6406 
T 11276800 ps
4355 13347 27160 9266 -3204 -10644 -1559 -5480 
T 11280 ns
-945 -3615 -673 -2701 -500 -2160 -379 -1765 
T 11283200 ps
-333 -1509 -250 -1274 -192 -1131 -147 -1018 
T 11286400 ps
-134 -858 -89 -775 -51 -748 -53 -653 
T 11289600 ps
-23 -610 -53 -577 -26 -463 36 -449 
T 11292800 ps
18 -422 16 -375 31 -364 10 -312 
T 11296 ns
63 -316 47 -283 65 -260 78 -239 
T 11299200 ps
123 -211 103 -227 111 -219 106 -188 
T 11302400 ps
119 -182 102 -150 127 -142 97 -134 
T 11305600 ps
129 -116 128 -79 146 -122 148 -163 
T 11308800 ps
137 -63 101 -60 94 -112 162 -25 
T 11312 ns
155 -81 167 -46 170 -58 174 -29 
T 11315200 ps
163 -54 144 -59 153 -27 159 10 
T 11318400 ps
186 -36 181 9 166 -14 171 12 
T 11321600 ps
183 -2 180 9 175 20 94 39 
T 11324800 ps
185 46 196 17 160 1 193 29 
T 11328 ns
169 67 178 62 206 51 174 61 
T 11331200 ps
211 88 205 86 205 59 214 71 
T 11334400 ps
199 41 157 86 190 73 184 88 
T 11337600 ps
209 72 230 51 199 95 219 67 
T 11340800 ps
208 105 187 86 213 69 196 102 
T 11344 ns
219 109 180 77 293 131 236 70 
T 11347200 ps
226 120 208 133 207 128 219 123 
T 11350400 ps
208 107 170 60 478 456 318 206 
T 11353600 ps
225 178 259 117 244 158 257 228 
T 11356800 ps
261 149 277 123 374 217 248 170 
T 11360 ns
232 150 271 135 244 167 247 222 
T 11363200 ps
296 155 242 165 261 144 226 170 
T 11366400 ps
218 152 276 177 268 179 287 214 
T 11369600 ps
285 170 292 187 275 185 247 189 
T 11372800 ps
260 167 268 198 256 225 268 179 
T 11376 ns
264 211 271 205 269 175 273 167 
T 11379200 ps
304 188 257 250 266 232 288 197 
T 11382400 ps
296 184 297 224 295 198 303 235 
T 11385600 ps
289 220 327 246 296 191 328 217 
T 11388800 ps
323 205 290 222 337 214 315 239 
T 11392 ns
302 247 284 231 277 251 323 250 
T 11395200 ps
295 270 370 260 347 241 325 280 
T 11398400 ps
312 234 302 288 353 254 311 256 
T 11401600 ps
333 270 388 268 367 244 355 279 
T 11404800 ps
325 268 311 307 429 220 375 269 
T 11408 ns
390 308 371 325 391 295 380 260 
T 11411200 ps
407 260 365 282 388 275 362 316 
T 11414400 ps
400 280 392 303 412 272 373 304 
T 11417600 ps
434 311 409 274 417 308 390 300 
T 11420800 ps
405 290 385 303 441 317 452 331 
T 11424 ns
424 309 464 285 433 333 374 283 
T 11427200 ps
393 322 417 326 452 366 432 333 
T 11430400 ps
460 363 426 367 430 318 478 323 
T 11433600 ps
465 344 463 363 468 369 462 374 
T 11436800 ps
481 384 502 347 446 372 450 339 
T 11440 ns
505 380 516 406 476 380 477 374 
T 11443200 ps
540 399 560 409 516 412 546 382 
T 11446400 ps
526 415 526 403 580 393 572 437 
T 11449600 ps
575 408 571 421 631 388 598 421 
T 11452800 ps
603 462 612 396 634 430 621 446 
T 11456 ns
662 428 755 532 698 488 666 456 
T 11459200 ps
719 495 737 505 736 500 715 488 
T 11462400 ps
767 482 764 489 761 482 806 489 
T 11465600 ps
813 552 817 541 833 533 858 551 
T 11468800 ps
885 543 903 576 885 581 979 589 
T 11472 ns
974 651 994 608 1040 650 1041 615 
T 11475200 ps
1083 650 1116 628 1120 651 1181 678 
T 11478400 ps
1210 686 1213 734 1276 720 1355 775 
T 11481600 ps
1372 810 1454 780 1485 815 1567 878 
T 11484800 ps
1667 868 1688 928 1826 909 1868 1023 
T 11488 ns
2019 1024 2152 1077 2318 1132 2501 1183 
T 11491200 ps
2661 1250 2916 1332 3183 1487 3520 1600 
T 11494400 ps
4037 1736 4599 1976 5380 2224 6510 2630 
T 11497600 ps
8288 3273 11399 4452 18396 6958 -17214 17699 
T 11500800 ps
-9625 -26772 -20969 -7270 -12140 -4075 -8521 -2715 
T 11504 ns
-6518 -2049 -5272 -1581 -4419 -1266 -3793 -1052 
T 11507200 ps
-3356 -874 -2977 -708 -2647 -633 -2441 -526 
T 11510400 ps
-2200 -431 -2017 -398 -1867 -339 -1744 -271 
T 11513600 ps
-1601 -262 -1479 -164 -1429 -155 -1323 -108 
T 11516800 ps
-1263 -94 -1223 -70 -1130 -21 -1056 -21 
T 11520 ns
-1042 39 -944 27 -937 54 -903 45 
T 11523200 ps
-857 56 -837 94 -812 105 -749 123 
T 11526400 ps
-741 118 -698 169 -694 158 -663 175 
T 11529600 ps
-630 197 -586 198 -555 240 -579 233 
T 11532800 ps
-539 243 -552 220 -530 255 -472 230 
T 11536 ns
-506 260 -440 273 -427 289 -413 311 
T 11539200 ps
-399 303 -393 288 -379 324 -410 316 
T 11542400 ps
-373 331 -343 330 -307 322 -368 357 
T 11545600 ps
-326 407 -311 373 -283 400 -302 406 
T 11548800 ps
-280 428 -255 455 -219 414 -263 417 
T 11552 ns
-223 452 -244 466 -203 468 -222 446 
T 11555200 ps
-204 494 -224 486 -174 476 -147 501 
T 11558400 ps
-134 530 -220 549 -152 499 -150 499 
T 11561600 ps
-166 539 -135 541 -109 531 -108 576 
T 11564800 ps
-137 550 -89 564 -65 565 -92 601 
T 11568 ns
-40 616 -59 621 -53 639 -55 620 
T 11571200 ps
-69 644 -42 603 -8 668 -23 649 
T 11574400 ps
135 665 -217 706 9164 1337 -16315 5564 
T 11577600 ps
-27 751 -56 742 -16 759 0 762 
T 11580800 ps
-21 742 5 810 -4 808 -26 828 
T 11584 ns
6 778 -24 839 57 881 46 863 
T 11587200 ps
18 881 28 866 41 907 92 914 
T 11590400 ps
47 978 107 924 106 949 84 994 
T 11593600 ps
97 1025 130 1052 122 1036 123 1023 
T 11596800 ps
116 1043 116 1072 141 1111 122 1121 
T 11600 ns
146 1152 165 1132 139 1252 160 1232 
T 11603200 ps
156 1240 212 1288 218 1294 193 1321 
T 11606400 ps
217 1338 242 1389 221 1411 224 1426 
T 11609600 ps
238 1484 281 1531 285 1525 299 1586 
T 11612800 ps
318 1617 289 1637 352 1707 323 1720 
T 11616 ns
374 1818 367 1817 358 1848 398 1897 
T 11619200 ps
410 1949 449 2031 446 2071 510 2192 
T 11622400 ps
488 2219 493 2309 533 2359 584 2471 
T 11625600 ps
545 2551 605 2607 640 2743 653 2835 
T 11628800 ps
710 2945 720 3088 750 3248 808 3352 
T 11632 ns
859 3480 945 3732 921 3907 1003 4102 
T 11635200 ps
1104 4367 1149 4627 1218 4943 1348 5260 
T 11638400 ps
1429 5705 1552 6127 1723 6713 1941 7299 
T 11641600 ps
2099 8134 2317 9140 2724 10362 3207 11999 
T 11644800 ps
3763 14198 4678 17467 5997 22606 8608 31921 
T 11648 ns
14737 -11001 2704 -23177 -26805 -1753 -13337 16722 
T 11651200 ps
-8246 -29982 -5953 -21621 -4689 -16939 -3848 -13898 
T 11654400 ps
-3252 -11814 -2849 -10271 -2591 -9111 -2293 -8125 
T 11657600 ps
-2071 -7351 -1913 -6749 -1756 -6218 -1639 -5764 
T 11660800 ps
-1529 -5385 -1442 -5028 -1330 -4761 -1275 -4472 
T 11664 ns
-1233 -4223 -1143 -4034 -1108 -3827 -1043 -3649 
T 11667200 ps
-1021 -3483 -974 -3318 -938 -3244 -921 -3069 
T 11670400 ps
-897 -2950 -850 -2837 -810 -2775 -787 -2696 
T 11673600 ps
-768 -2614 -735 -2473 -728 -2436 -730 -2353 
T 11676800 ps
-664 -2288 -688 -2209 -663 -2202 -658 -2096 
T 11680 ns
-598 -2070 -611 -2008 -620 -1959 -599 -1937 
T 11683200 ps
-566 -1886 -570 -1846 -567 -1765 -530 -1745 
T 11686400 ps
-529 -1710 -495 -1687 -501 -1619 -485 -1603 
T 11689600 ps
-468 -1584 -454 -1558 -449 -1566 -467 -1514 
T 11692800 ps
-473 -1447 -431 -1462 -474 -1431 -420 -1369 
T 11696 ns
-404 -1375 -334 -1307 -407 -1343 -447 -1295 
T 11699200 ps
-400 -1279 -410 -1271 -372 -1243 -377 -1228 
T 11702400 ps
-364 -1232 -369 -1200 -402 -1196 -376 -1187 
T 11705600 ps
-395 -1177 -384 -1138 -326 -1141 -338 -1108 
T 11708800 ps
-334 -1104 -332 -1079 -299 -1043 -308 -1011 
T 11712 ns
-319 -1056 -313 -1000 -304 -1011 -303 -1016 
T 11715200 ps
-297 -971 -326 -981 -292 -951 -289 -945 
T 11718400 ps
-281 -939 -299 -898 -266 -921 -257 -886 
T 11721600 ps
-263 -932 -283 -874 -182 -943 -304 -856 
T 11724800 ps
-268 -837 -249 -838 -301 -854 -272 -875 
T 11728 ns
-286 -828 -268 -798 -263 -820 -206 -742 
T 11731200 ps
-220 -791 -217 -805 -247 -782 -233 -762 
T 11734400 ps
-245 -769 -245 -736 -211 -745 -227 -738 
T 11737600 ps
-235 -754 -231 -761 -212 -672 -224 -705 
T 11740800 ps
-211 -703 -231 -727 -176 -733 -161 -714 
T 11744 ns
-225 -680 -172 -671 -208 -673 -205 -685 
T 11747200 ps
-181 -664 -213 -667 -202 -649 -193 -614 
T 11750400 ps
-223 -651 -220 -629 -231 -635 -173 -594 
T 11753600 ps
-223 -633 -152 -585 -179 -610 -158 -581 
T 11756800 ps
-206 -594 -213 -607 -131 -579 -149 -562 
T 11760 ns
-134 -568 -168 -585 -147 -604 -188 -530 
T 11763200 ps
-182 -557 -158 -549 -119 -563 -127 -523 
T 11766400 ps
-130 -524 -118 -487 -149 -536 -93 -524 
T 11769600 ps
-141 -548 -95 -521 -96 -486 -106 -508 
T 11772800 ps
-136 -517 -115 -517 -92 -490 -122 -547 
T 11776 ns
-150 -489 -57 -480 -132 -414 -87 -463 
T 11779200 ps
-65 -487 -95 -454 -34 -423 -87 -408 
T 11782400 ps
-39 -439 -35 -411 -70 -400 -58 -413 
T 11785600 ps
-32 -412 -7 -369 -16 -329 2 -339 
T 11788800 ps
19 -343 40 -304 79 -309 76 -283 
T 11792 ns
127 -238 166 -211 234 -168 350 -69 
T 11795200 ps
470 99 749 286 1521 924 9034 7357 
T 11798400 ps
-2744 -2661 -1267 -1427 -854 -1048 -722 -917 
T 11801600 ps
-564 -856 -531 -778 -448 -694 -438 -654 
T 11804800 ps
-394 -640 -333 -616 -349 -613 -333 -609 
T 11808 ns
-320 -605 -275 -526 -250 -557 -260 -520 
T 11811200 ps
-259 -548 -235 -536 -249 -532 -241 -512 
T 11814400 ps
-241 -500 -209 -487 -221 -500 -209 -478 
T 11817600 ps
-188 -512 -211 -482 -216 -496 -219 -527 
T 11820800 ps
-233 -452 -214 -448 -196 -480 -217 -454 
T 11824 ns
-183 -462 -194 -457 -210 -412 -173 -455 
T 11827200 ps
-149 -397 -204 -408 -147 -448 -192 -410 
T 11830400 ps
-153 -439 -141 -412 -194 -408 -154 -434 
T 11833600 ps
-129 -415 -160 -422 -181 -416 -131 -434 
T 11836800 ps
-166 -427 -131 -407 -157 -381 -184 -404 
T 11840 ns
-184 -410 -153 -417 -156 -412 -158 -415 
T 11843200 ps
-138 -366 -135 -403 -125 -361 -136 -366 
T 11846400 ps
-126 -388 -161 -428 -146 -391 -138 -353 
T 11849600 ps
-135 -418 -132 -370 -163 -386 -197 -376 
T 11852800 ps
-144 -381 -138 -363 -134 -379 -141 -360 
T 11856 ns
-133 -365 -118 -367 -138 -391 -168 -326 
T 11859200 ps
-135 -380 -150 -376 -105 -382 -77 -391 
T 11862400 ps
-134 -356 -79 -326 -114 -344 -121 -367 
T 11865600 ps
-111 -320 -99 -340 -105 -320 -97 -331 
T 11868800 ps
-114 -342 -137 -325 -143 -315 -83 -342 
T 11872 ns
-159 -274 -71 -384 -125 -348 -107 -312 
T 11875200 ps
-140 -321 -143 -316 -132 -334 -101 -320 
T 11878400 ps
-112 -333 -143 -343 -128 -335 -130 -342 
T 11881600 ps
-105 -363 -89 -339 -109 -364 -156 -297 
T 11884800 ps
-88 -352 -74 -329 -88 -274 -120 -335 
T 11888 ns
-96 -330 -75 -315 -106 -282 -86 -352 
T 11891200 ps
-111 -314 -172 -244 -106 -254 -107 -319 
T 11894400 ps
-115 -332 -98 -311 -87 -335 -90 -325 
T 11897600 ps
-118 -337 -84 -287 -140 -279 -118 -306 
T 11900800 ps
-99 -315 -76 -319 -73 -324 -121 -282 
T 11904 ns
-132 -328 -78 -315 -135 -311 -143 -274 
T 11907200 ps
-87 -307 -82 -304 -126 -289 -70 -288 
T 11910400 ps
-116 -292 -81 -301 -126 -286 -97 -280 
T 11913600 ps
-90 -255 -96 -284 -76 -300 -63 -275 
T 11916800 ps
-85 -304 -139 -300 -69 -272 -126 -276 
T 11920 ns
-65 -241 -104 -308 -59 -232 -89 -286 
T 11923200 ps
-103 -270 -62 -256 -93 -267 -111 -269 
T 11926400 ps
-81 -296 -85 -279 -68 -265 -60 -256 
T 11929600 ps
-95 -287 -49 -211 -111 -264 -83 -270 
T 11932800 ps
-84 -245 -47 -268 -82 -276 -43 -286 
T 11936 ns
-80 -268 -86 -269 -70 -296 -35 -265 
T 11939200 ps
-67 -294 -142 -195 -91 -271 -41 -236 
T 11942400 ps
-73 -256 -61 -243 -135 -250 -102 -256 
T 11945600 ps
-95 -269 -67 -242 -85 -255 -103 -251 
T 11948800 ps
-76 -264 -77 -258 -57 -229 -84 -265 
T 11952 ns
-68 -255 -77 -251 -81 -231 -88 -265 
T 11955200 ps
-63 -193 -104 -260 -96 -212 -81 -264 
T 11958400 ps
-84 -219 -71 -253 -77 -239 -73 -257 
T 11961600 ps
-56 -262 -92 -274 -64 -230 -92 -223 
T 11964800 ps
-49 -236 -97 -240 -62 -239 -48 -269 
T 11968 ns
-88 -252 -46 -243 -110 -219 -125 -275 
T 11971200 ps
-97 -243 -62 -258 -68 -265 -56 -235 
T 11974400 ps
-46 -219 -59 -211 -56 -253 -90 -230 
T 11977600 ps
-37 -224 -53 -244 -51 -223 -49 -233 
T 11980800 ps
-74 -275 -47 -234 -60 -193 -28 -229 
T 11984 ns
-91 -195 -72 -199 -103 -222 -76 -192 
T 11987200 ps
-82 -170 -91 -263 -76 -209 -88 -254 
T 11990400 ps
-35 -208 -38 -233 -46 -223 -52 -209 
T 11993600 ps
-77 -232 -69 -227 -88 -197 -13 -238 
T 11996800 ps
-47 -242 -53 -202 -62 -213 -52 -228 
T 12 us
-57 -224 -63 -234 -65 -213 -38 -227 
T 12003200 ps
-90 -210 -64 -187 -41 -198 -54 -214 
T 12006400 ps
-46 -212 -63 -134 -92 -268 -75 -227 
T 12009600 ps
-67 -223 -35 -184 -84 -240 -29 -254 
T 12012800 ps
-57 -186 -39 -195 -56 -206 -43 -199 
T 12016 ns
-49 -201 -70 -232 -58 -230 -41 -197 
T 12019200 ps
TLAST
-61 -209 -59 -208 -28 -64 -89 -185 
