T 11206400 ps
48 -134 18 -150 -27 -102 41 -177 
T 11212800 ps
42 -149 27 -126 14 -141 -9 -100 
T 11216 ns
37 -155 5 -134 21 -136 4 -152 
T 11219200 ps
52 -117 19 -171 13 -145 46 -140 
T 11222400 ps
18 -134 18 -141 40 -127 41 -161 
T 11225600 ps
34 -132 -8 -160 27 -122 1 -142 
T 11228800 ps
21 -178 13 -138 14 -160 12 -195 
T 11232 ns
13 -133 -13 -137 -5 -159 56 -125 
T 11235200 ps
-12 -135 25 -159 14 -163 38 -136 
T 11238400 ps
15 -159 40 -139 11 -145 14 -139 
T 11241600 ps
58 -128 7 -158 1 -160 47 -153 
T 11244800 ps
25 -148 22 -111 -10 -141 17 -82 
T 11248 ns
32 -135 -16 -188 15 -134 15 -169 
T 11251200 ps
43 -137 37 -188 6 -140 46 -141 
T 11254400 ps
27 -155 -5 -165 1 -158 53 -120 
T 11257600 ps
54 -139 37 -162 31 -174 16 -141 
T 11260800 ps
24 -186 29 -141 19 -131 7 -149 
T 11264 ns
35 -116 30 -114 32 -154 22 -154 
T 11267200 ps
89 -76 -19 -141 16 -184 25 -149 
T 11270400 ps
15 -156 23 -176 12 -137 -20 -177 
T 11273600 ps
36 -139 -4 -157 17 -158 28 -155 
T 11276800 ps
38 -165 27 -152 8 -152 32 -136 
T 11280 ns
30 -171 -7 -123 22 -141 32 -164 
T 11283200 ps
25 -143 26 -180 2 -180 55 -158 
T 11286400 ps
3 -153 17 -217 24 -152 15 -167 
T 11289600 ps
19 -133 38 -174 12 -147 17 -128 
T 11292800 ps
-4 -144 29 -135 29 -148 19 -141 
T 11296 ns
25 -154 35 -125 38 -201 12 -145 
T 11299200 ps
46 -132 20 -161 7 -114 20 -120 
T 11302400 ps
27 -140 5 -137 9 -152 40 -107 
T 11305600 ps
51 -125 19 -171 27 -143 14 -144 
T 11308800 ps
25 -154 28 -136 11 -140 7 -162 
T 11312 ns
23 -178 6 -145 4 -156 16 -171 
T 11315200 ps
23 -177 3 -150 46 -144 -24 -155 
T 11318400 ps
39 -171 39 -156 -18 -144 52 -173 
T 11321600 ps
7 -172 20 -169 49 -139 21 -170 
T 11324800 ps
12 -176 33 -121 26 -154 5 -152 
T 11328 ns
-1 -140 36 -153 39 -152 34 -155 
T 11331200 ps
37 -182 54 -189 10 -137 9 -137 
T 11334400 ps
23 -153 42 -120 24 -139 28 -181 
T 11337600 ps
57 -186 47 -110 25 -171 10 -129 
T 11340800 ps
49 -145 3 -122 54 -163 20 -230 
T 11344 ns
5 -158 -4 -165 25 -121 43 -205 
T 11347200 ps
20 -137 -15 -176 73 -157 82 -186 
T 11350400 ps
9 -173 70 -155 23 -189 10 -152 
T 11353600 ps
22 -168 -8 -137 57 -120 17 -139 
T 11356800 ps
54 -155 86 -176 80 -146 10 -162 
T 11360 ns
33 -176 33 -183 72 -160 13 -158 
T 11363200 ps
49 -169 63 -135 36 -151 44 -194 
T 11366400 ps
18 -188 33 -153 28 -155 41 -154 
T 11369600 ps
40 -185 66 -159 11 -150 2 -126 
T 11372800 ps
36 -148 6 -157 42 -133 35 -180 
T 11376 ns
19 -170 16 -157 11 -165 11 -167 
T 11379200 ps
24 -165 32 -152 12 -183 -18 -181 
T 11382400 ps
28 -195 23 -201 41 -179 69 -149 
T 11385600 ps
26 -180 21 -178 12 -166 22 -161 
T 11388800 ps
4 -158 15 -146 37 -170 57 -181 
T 11392 ns
19 -176 53 -162 66 -157 6 -217 
T 11395200 ps
7 -147 74 -182 33 -160 25 -149 
T 11398400 ps
56 -157 48 -115 37 -157 35 -164 
T 11401600 ps
41 -190 -10 -128 37 -187 19 -180 
T 11404800 ps
48 -150 8 -164 27 -162 -11 -210 
T 11408 ns
41 -124 14 -166 49 -164 43 -161 
T 11411200 ps
27 -174 15 -175 13 -178 79 -133 
T 11414400 ps
48 -172 -11 -167 3 -147 22 -160 
T 11417600 ps
47 -150 51 -202 42 -179 32 -202 
T 11420800 ps
14 -144 30 -207 18 -168 33 -166 
T 11424 ns
22 -157 17 -200 55 -218 42 -146 
T 11427200 ps
55 -166 67 -165 91 -167 0 -165 
T 11430400 ps
12 -155 8 -151 13 -227 38 -197 
T 11433600 ps
15 -186 39 -172 28 -182 64 -223 
T 11436800 ps
48 -191 26 -195 20 -190 2 -207 
T 11440 ns
57 -218 43 -163 12 -209 -12 -186 
T 11443200 ps
35 -190 28 -159 86 -194 2 -191 
T 11446400 ps
21 -132 24 -178 16 -178 19 -160 
T 11449600 ps
42 -193 -10 -215 48 -178 16 -162 
T 11452800 ps
-6 -185 36 -219 54 -147 8 -211 
T 11456 ns
23 -200 15 -225 33 -208 40 -215 
T 11459200 ps
55 -204 48 -170 -8 -226 53 -210 
T 11462400 ps
-80 -202 31 -202 58 -166 66 -210 
T 11465600 ps
35 -205 31 -235 42 -232 17 -204 
T 11468800 ps
25 -196 42 -227 75 -198 20 -253 
T 11472 ns
41 -222 39 -247 57 -229 42 -265 
T 11475200 ps
43 -227 21 -226 47 -197 19 -195 
T 11478400 ps
10 -207 6 -220 64 -228 41 -237 
T 11481600 ps
3 -214 40 -232 34 -239 47 -224 
T 11484800 ps
32 -246 13 -246 -2 -236 33 -243 
T 11488 ns
42 -220 34 -266 3 -221 33 -212 
T 11491200 ps
19 -228 4 -280 -30 -269 30 -249 
T 11494400 ps
25 -250 26 -247 20 -272 -9 -245 
T 11497600 ps
13 -262 -16 -288 9 -257 30 -264 
T 11500800 ps
13 -202 15 -258 -26 -292 -42 -264 
T 11504 ns
96 -283 49 -310 24 -284 68 -255 
T 11507200 ps
45 -278 39 -316 4 -315 -19 -203 
T 11510400 ps
226 -653 68 -353 59 -350 17 -326 
T 11513600 ps
48 -330 47 -378 1 -357 43 -344 
T 11516800 ps
40 -343 35 -352 57 -373 24 -355 
T 11520 ns
51 -370 43 -382 69 -379 3 -356 
T 11523200 ps
41 -390 23 -374 64 -403 34 -391 
T 11526400 ps
6 -439 6 -463 17 -466 15 -419 
T 11529600 ps
33 -468 47 -450 50 -449 13 -483 
T 11532800 ps
45 -454 16 -511 12 -544 55 -563 
T 11536 ns
30 -547 28 -590 71 -578 1 -659 
T 11539200 ps
21 -629 26 -662 32 -661 58 -696 
T 11542400 ps
16 -750 22 -795 9 -837 21 -871 
T 11545600 ps
-5 -931 -17 -952 7 -1066 20 -1086 
T 11548800 ps
1 -1225 -19 -1278 25 -1424 -4 -1567 
T 11552 ns
2 -1757 -7 -2087 -49 -2362 20 -2874 
T 11555200 ps
-64 -3688 -95 -5095 -179 -8472 -675 -25483 
T 11558400 ps
713 24376 244 8170 167 4844 102 3448 
T 11561600 ps
120 2646 80 2158 112 1814 111 1543 
T 11564800 ps
100 1354 78 1203 94 1085 32 953 
T 11568 ns
54 921 53 869 59 749 52 706 
T 11571200 ps
81 656 41 608 53 549 80 525 
T 11574400 ps
34 516 57 473 57 459 41 428 
T 11577600 ps
73 372 42 385 32 386 69 371 
T 11580800 ps
41 349 43 360 9246 971 -1797 -5806 
T 11584 ns
39 287 50 280 34 257 96 250 
T 11587200 ps
51 222 55 242 54 196 48 208 
T 11590400 ps
48 212 0 217 35 203 30 203 
T 11593600 ps
72 203 60 186 39 199 26 166 
T 11596800 ps
51 160 55 122 46 173 32 140 
T 11600 ns
61 139 34 102 78 128 47 137 
T 11603200 ps
38 147 14 126 51 133 26 85 
T 11606400 ps
48 106 39 102 49 84 40 124 
T 11609600 ps
66 90 34 96 76 102 45 53 
T 11612800 ps
61 88 20 85 35 87 14 104 
T 11616 ns
8 118 53 81 27 61 23 78 
T 11619200 ps
36 107 59 105 86 87 41 88 
T 11622400 ps
16 44 25 41 6 50 76 59 
T 11625600 ps
80 75 47 29 60 59 24 76 
T 11628800 ps
70 61 39 17 45 35 18 43 
T 11632 ns
65 23 29 61 44 43 45 39 
T 11635200 ps
8 27 70 34 48 28 60 26 
T 11638400 ps
45 30 41 2 25 19 69 26 
T 11641600 ps
68 15 39 23 60 11 68 -8 
T 11644800 ps
39 41 24 45 21 11 25 1 
T 11648 ns
21 12 41 0 46 -6 25 5 
T 11651200 ps
61 44 -8 69 73 -4 32 -25 
T 11654400 ps
51 -29 29820 13943 9273 -615 55 -10 
T 11657600 ps
78 -16 109 -1 -51 -7 28 -12 
T 11660800 ps
54 8 29 -27 39 -15 45 -9 
T 11664 ns
49 9 75 -3 16 -28 53 -4 
T 11667200 ps
61 7 48 -36 58 -33 63 -8 
T 11670400 ps
79 1 53 0 64 3 61 -23 
T 11673600 ps
63 9 62 8 10 -16 19 1 
T 11676800 ps
29 -6 -4 13 66 -25 45 -32 
T 11680 ns
28 34 49 -9 38 -4 32 -53 
T 11683200 ps
54 0 18 -75 69 -38 34 -46 
T 11686400 ps
40 -16 59 -32 64 -17 25 -33 
T 11689600 ps
32 -2 54 -18 41 -29 56 -55 
T 11692800 ps
11 -26 63 1 25 -47 33 13 
T 11696 ns
56 -14 28 -30 39 -12 63 -4 
T 11699200 ps
55 -47 7 -40 34 1 18 -27 
T 11702400 ps
48 -53 26 -21 115 -5 41 -13 
T 11705600 ps
40 -43 42 -45 46 -27 77 -62 
T 11708800 ps
28 -16 29 -14 18 -50 42 -15 
T 11712 ns
23 -49 28 -2 36 -45 8 0 
T 11715200 ps
42 -30 62 -21 53 -33 34 -35 
T 11718400 ps
7 -44 75 -58 70 -19 23 -18 
T 11721600 ps
87 -31 68 -35 44 -51 47 -41 
T 11724800 ps
35 -5 45 -74 2 -67 45 -28 
T 11728 ns
69 4 41 -78 94 -35 66 -20 
T 11731200 ps
32 -35 59 -52 -5 -62 72 -47 
T 11734400 ps
56 -62 74 -56 63 -62 98 -68 
T 11737600 ps
36 -59 71 -73 41 -78 27 -64 
T 11740800 ps
61 -51 49 -44 43 -1 43 -30 
T 11744 ns
25 -14 67 -37 26 -44 62 -13 
T 11747200 ps
51 -63 67 -59 74 -33 57 -34 
T 11750400 ps
45 -80 62 -75 6 -85 13 -157 
T 11753600 ps
59 18 59 -69 54 -21 69 -34 
T 11756800 ps
45 -47 34 -55 27 15 27 -46 
T 11760 ns
57 -39 42 -13 53 -76 -2 -65 
T 11763200 ps
58 -68 39 -39 87 -75 63 -78 
T 11766400 ps
48 -74 28 -27 33 -22 14 -38 
T 11769600 ps
64 -65 50 -39 53 -69 63 -59 
T 11772800 ps
42 -78 52 -45 59 -54 49 -36 
T 11776 ns
67 -54 69 -97 44 -60 36 -80 
T 11779200 ps
32 -45 35 -79 78 -34 40 -71 
T 11782400 ps
64 -59 63 -26 58 -48 11 -45 
T 11785600 ps
59 -59 71 -52 36 -67 71 -90 
T 11788800 ps
23 -33 51 -65 44 -26 46 -85 
T 11792 ns
74 -38 31 -57 30 -71 62 -119 
T 11795200 ps
59 -83 54 -76 39 -89 72 -51 
T 11798400 ps
35 -84 42 -69 56 -80 -164 -89 
T 11801600 ps
68 -89 101 -80 113 -76 58 -59 
T 11804800 ps
64 -111 89 -91 60 -70 148 -93 
T 11808 ns
-28 -40 47 -36 52 -64 16 -92 
T 11811200 ps
50 -56 57 -50 75 -49 87 -67 
T 11814400 ps
18 -93 47 -76 52 -71 28 -98 
T 11817600 ps
31 -56 29 -108 19 -66 49 -74 
T 11820800 ps
45 -96 29 -47 63 -34 43 -46 
T 11824 ns
46 -74 23 -94 22 -64 61 -83 
T 11827200 ps
67 -94 44 -54 68 -88 79 -84 
T 11830400 ps
45 -78 28 -41 52 -82 27 -57 
T 11833600 ps
53 -81 56 -56 77 -52 30 -86 
T 11836800 ps
49 -53 49 -70 44 -82 42 -98 
T 11840 ns
67 -65 50 -52 69 -104 31 -64 
T 11843200 ps
24 -77 79 -51 69 -65 70 -100 
T 11846400 ps
18 -72 45 -39 68 -68 116 -137 
T 11849600 ps
42 -70 53 -73 39 -77 46 -92 
T 11852800 ps
102 -66 89 -58 46 -75 66 -25 
T 11856 ns
41 -72 64 -120 63 -86 53 -16 
T 11859200 ps
30 -67 90 -59 22 -89 81 -96 
T 11862400 ps
67 -125 38 -47 90 -79 34 -110 
T 11865600 ps
79 -100 22 -56 51 -42 19 -83 
T 11868800 ps
84 -112 71 -64 78 -80 39 -147 
T 11872 ns
83 -100 27 -52 27 -126 71 -51 
T 11875200 ps
18 -48 83 -99 67 -31 45 -48 
T 11878400 ps
27 -64 39 -96 35 -92 63 -100 
T 11881600 ps
70 -111 77 -60 40 -60 -1 -94 
T 11884800 ps
22 -99 13 -35 34 -85 48 -54 
T 11888 ns
67 -71 65 -75 51 -72 70 -103 
T 11891200 ps
40 -78 18 -71 78 -94 32 -87 
T 11894400 ps
66 -104 53 -95 82 -98 34 -50 
T 11897600 ps
17 -90 58 -102 74 -82 79 -79 
T 11900800 ps
67 -116 60 -73 69 -115 76 -59 
T 11904 ns
66 -43 18 -83 60 -93 52 -74 
T 11907200 ps
53 -107 50 -105 63 -84 41 -34 
T 11910400 ps
70 -114 74 -53 39 -65 79 -50 
T 11913600 ps
53 -59 86 -92 66 -85 52 -74 
T 11916800 ps
42 -104 31 -119 80 -90 39 -96 
T 11920 ns
54 -91 72 -86 50 -118 57 -97 
T 11923200 ps
49 -80 87 -82 43 -84 66 -96 
T 11926400 ps
45 -81 46 -148 61 -110 43 -78 
T 11929600 ps
79 -80 58 -70 51 -107 81 -81 
T 11932800 ps
49 -96 63 -47 56 -89 88 -102 
T 11936 ns
53 -103 43 -89 49 -84 83 -94 
T 11939200 ps
46 -97 65 -110 50 -108 67 -70 
T 11942400 ps
86 -94 56 -107 50 -60 49 -103 
T 11945600 ps
95 -84 68 -91 75 -117 59 -72 
T 11948800 ps
65 -98 21 -109 49 -90 54 -84 
T 11952 ns
85 -163 65 -106 81 -93 75 -87 
T 11955200 ps
58 -108 79 -120 93 -121 40 -101 
T 11958400 ps
36 -95 39 -93 37 -97 74 -119 
T 11961600 ps
67 -65 66 -72 28 -106 55 -106 
T 11964800 ps
76 -117 53 -129 71 -113 19 -107 
T 11968 ns
14 -104 72 -82 56 -132 76 -107 
T 11971200 ps
63 -114 97 -122 54 -91 34 -137 
T 11974400 ps
46 -106 58 -129 72 -89 75 -93 
T 11977600 ps
65 -119 56 -106 54 -107 70 -105 
T 11980800 ps
58 -125 65 -133 24 -141 28 -118 
T 11984 ns
55 -108 95 -110 63 -107 81 -97 
T 11987200 ps
62 -115 63 -66 70 -143 66 -113 
T 11990400 ps
37 -105 76 -93 23 -134 72 -144 
T 11993600 ps
86 -56 65 -85 76 -111 58 -90 
T 11996800 ps
49 -96 86 -145 56 -117 50 -137 
T 12 us
47 -124 35 -137 84 -139 107 -148 
T 12003200 ps
51 -112 91 -140 72 -109 76 -92 
T 12006400 ps
61 -100 83 -116 5 -147 38 -107 
T 12009600 ps
48 -144 76 -133 43 -96 44 -134 
T 12012800 ps
56 -122 91 -142 88 -90 107 -129 
T 12016 ns
59 -145 89 -128 86 -104 85 -168 
T 12019200 ps
79 -106 39 -143 68 -106 39 -123 
T 12022400 ps
87 -169 52 -106 122 -110 69 -109 
T 12025600 ps
TLAST
71 -97 91 -144 78 -116 59 -109 
