64 112 34 -98 35 84 109 -74 
-3 56 0 -21 5 -17 -108 47 
-37 -73 -32 103 -66 -133 62 145 
36 -135 32 117 109 -97 0 65 
-2 -17 7 -33 -107 71 -39 -97 
-30 122 -68 -141 60 141 38 -120 
30 93 110 -71 1 45 -4 -7 
9 -30 -106 54 -42 -68 -28 85 
-69 -105 58 114 40 -107 28 96 
110 -90 4 78 -6 -49 12 11 
-105 21 -44 -49 -26 82 -70 -118 
56 141 42 -141 26 130 110 -117 
7 94 -7 -52 14 0 -104 42 
-47 -73 -24 102 -72 -130 53 142 
44 -131 24 109 110 -91 10 70 
-9 -36 15 -2 -102 31 -49 -49 
-23 68 -73 -92 51 109 46 -109 
22 103 110 -102 12 97 -11 -75 
17 39 -101 -6 -52 -22 -21 55 
-74 -96 48 129 48 -140 20 138 
110 -132 15 117 -12 -83 19 34 
-99 11 -54 -45 -19 78 -75 -112 
45 135 50 -134 19 120 109 -106 
18 90 -14 -63 20 25 -97 6 
-57 -27 -18 46 -76 -74 43 97 
52 -106 17 105 109 -108 21 110 
-16 -96 22 66 -95 -33 -60 5 
-16 27 -76 -70 40 110 54 -132 
16 138 108 -139 24 134 -17 -110 
23 67 -93 -21 -62 -15 -15 50 
-77 -89 37 120 56 -131 14 124 
107 -115 28 106 -18 -86 24 51 
-91 -18 -65 -3 -14 23 -77 -52 
34 81 58 -97 13 102 106 -108 
31 117 -20 -113 25 90 -89 -60 
-68 33 -13 -2 -77 -40 31 86 
59 -117 12 131 105 -140 34 144 
-21 -131 26 96 -86 -52 -70 14 
-12 20 -77 -60 28 99 61 -120 
11 122 104 -119 37 116 -22 -104 
27 75 -84 -42 -73 19 -11 0 
-77 -27 24 60 63 -83 10 93 
103 -103 40 118 -23 -123 27 109 
-81 -83 -75 59 -10 -32 -77 -7 
21 56 64 -95 9 118 102 -134 
43 147 -24 -146 28 120 -79 -81 
-78 44 -9 -11 -77 -29 18 73 
66 -104 9 114 100 -117 47 120 
-25 -116 28 95 -76 -65 -80 42 
-8 -24 -76 -1 14 35 67 -64 
8 79 98 -93 50 112 -26 -127 
28 122 -73 -102 -82 82 -8 -60 
-76 24 11 24 69 -69 8 99 
97 -121 53 142 -27 -152 28 138 
-71 -106 -85 72 -8 -41 -75 2 
8 43 70 -81 7 100 95 -108 
56 118 -27 -122 28 109 -68 -84 
-87 62 -7 -46 -74 24 4 9 
71 -41 7 61 93 -78 59 101 
-28 -123 28 129 -65 -117 -89 101 
-7 -85 -73 56 1 -9 72 -38 
7 74 91 -102 62 129 -28 -150 
28 149 -62 -126 -91 96 -7 -69 
-72 34 -2 11 73 -55 7 81 
89 -95 65 109 -28 -121 28 118 
-59 -99 -93 79 -7 -66 -71 48 
-5 -17 74 -16 7 40 87 -59 
68 85 -28 -113 27 128 -55 -125 
-95 115 -7 -105 -70 84 -8 -43 
75 -5 8 46 84 -78 71 110 
-28 -140 27 152 -52 -139 -97 116 
-8 -93 -69 64 -12 -20 76 -25 
8 57 82 -77 74 95 -28 -114 
26 120 -49 -109 -99 93 -8 -82 
-67 70 -15 -44 76 10 9 17 
80 -37 77 64 -28 -97 25 121 
-46 -127 -100 124 -9 -120 -66 107 
-18 -74 77 27 9 15 77 -50 
79 86 -28 -123 24 146 -43 -145 
-102 129 -9 -112 -64 90 -22 -52 
77 5 10 31 75 -54 82 76 
-27 -101 23 116 -40 -112 -103 101 
-10 -94 -63 87 -25 -67 77 36 
11 -7 72 -13 84 39 -26 -75 
22 107 -36 -123 -104 126 -11 -129 
-61 125 -28 -102 77 59 12 -16 
70 -20 87 57 -26 -100 21 133 
-33 -144 -106 136 -12 -126 -59 111 
-31 -80 77 36 13 3 67 -30 
89 54 -25 -82 20 105 -30 -110 
-107 104 -13 -101 -57 100 -34 -87 
77 60 14 -32 64 10 91 13 
-24 -50 18 88 -27 -111 -108 122 
-15 -131 -55 136 -37 -123 77 89 
15 -47 62 11 94 26 -23 -71 
17 113 -24 -135 -108 137 -16 -133 
-53 126 -40 -104 76 65 17 -25 
59 -4 96 29 -21 -59 15 88 
-21 -102 -109 102 -17 -103 -51 107 
-43 -102 75 81 18 -55 57 34 
97 -12 -20 -22 14 63 -18 -94 
-109 112 -19 -127 -49 140 -46 -139 
75 114 20 -77 54 41 99 -5 
-18 -39 12 87 -15 -119 -110 130 
-21 -133 -47 134 -49 -122 74 91 
21 -52 51 22 101 2 -17 -33 
11 67 -12 -89 -110 95 -23 -99 
-45 109 -51 -112 73 98 23 -76 
49 57 102 -38 -15 7 9 35 
-9 -72 -110 96 -24 -116 -43 137 
-54 -147 72 133 25 -102 46 70 
104 -37 -13 -5 7 56 -6 -96 
-110 117 -26 -127 -41 136 -56 -134 
70 112 26 -77 44 47 105 -23 
-11 -6 5 42 -4 -70 -110 83 
-28 -91 -39 104 -58 -115 69 110 
28 -93 41 77 106 -62 -9 36 
4 4 -1 -45 -110 75 -31 -99 
-37 127 -60 -147 67 145 30 -123 
39 95 107 -67 -7 28 2 22 
1 -69 -109 98 -33 -115 -35 130 
-62 -138 66 126 32 -98 37 70 
108 -47 -5 21 0 14 3 -47 
-108 66 -35 -77 -33 94 -64 -112 
64 116 34 -105 34 92 109 -82 
-2 63 -1 -25 5 -16 -108 50 
-37 -78 -31 110 -66 -139 62 149 
36 -137 32 116 109 -93 0 60 
-2 -12 8 -38 -107 74 -40 -97 
-30 118 -68 -135 60 134 38 -114 
30 89 110 -69 2 47 -4 -13 
10 -22 -106 46 -42 -60 -28 79 
-69 -102 57 115 40 -111 28 104 
110 -98 5 86 -6 -55 12 13 
-105 22 -45 -52 -26 87 -71 -124 
55 146 42 -145 26 131 110 -115 
7 89 -8 -46 14 -4 -103 46 
-47 -74 -24 100 -72 -125 53 135 
44 -124 24 104 110 -87 10 70 
-9 -40 16 3 -102 23 -50 -40 
-22 60 -73 -88 50 108 46 -112 
22 110 110 -109 13 105 -11 -82 
17 43 -100 -6 -52 -24 -21 60 
-74 -102 48 135 48 -145 20 139 
110 -130 16 113 -13 -78 19 29 
-99 15 -55 -47 -19 77 -75 -108 
45 128 50 -127 18 113 109 -101 
19 89 -14 -65 20 30 -97 0 
-58 -18 -18 38 -76 -68 42 95 
52 -107 17 110 109 -115 22 118 
-16 -104 22 71 -95 -35 -60 4 
-16 30 -76 -75 39 116 54 -137 
15 141 108 -139 25 131 -17 -105 
23 61 -93 -16 -63 -18 -15 50 
-77 -86 36 115 56 -124 14 117 
107 -109 28 103 -19 -86 24 55 
-91 -25 -65 4 -14 15 -77 -44 
33 77 58 -96 13 105 106 -114 
31 124 -20 -121 25 96 -88 -63 
-68 33 -13 0 -77 -44 30 91 
60 -122 12 135 105 -141 34 143 
-21 -127 26 90 -86 -47 -71 10 
-11 21 -77 -59 27 95 61 -114 
11 115 104 -112 38 111 -22 -102 
27 77 -84 -48 -73 27 -11 -9 
-77 -19 24 54 63 -80 10 94 
103 -108 41 125 -23 -131 27 116 
-81 -88 -76 61 -10 -31 -77 -11 
21 61 65 -101 9 123 101 -136 
44 146 -24 -142 28 115 -78 -75 
-78 39 -9 -8 -77 -29 17 70 
66 -98 8 107 100 -109 47 114 
-25 -113 28 95 -76 -69 -80 49 
-8 -32 -76 7 14 28 68 -59 
8 79 98 -96 50 118 -26 -134 
28 129 -73 -108 -83 85 -8 -60 
-76 22 11 28 69 -74 8 104 
96 -124 53 142 -27 -150 28 134 
-70 -100 -85 67 -7 -37 -75 1 
7 41 70 -76 7 93 94 -101 
57 110 -27 -117 28 108 -67 -86 
-87 68 -7 -54 -74 33 4 1 
72 -35 7 59 92 -79 60 105 
-28 -130 28 136 -64 -123 -89 106 
-7 -86 -73 54 0 -5 73 -44 
7 80 90 -106 63 131 -28 -149 
28 145 -61 -120 -92 90 -7 -64 
-72 31 -2 11 74 -51 7 75 
88 -87 66 101 -28 -115 28 115 
-58 -99 -94 83 -7 -73 -71 57 
-6 -26 74 -9 7 36 86 -59 
69 87 -28 -119 27 135 -55 -132 
-95 121 -7 -108 -70 83 -9 -40 
75 -10 8 52 84 -83 72 113 
-28 -140 26 149 -52 -134 -97 110 
-8 -87 -68 60 -12 -19 76 -23 
8 52 82 -69 74 87 -28 -106 
26 115 -49 -107 -99 95 -8 -88 
-67 78 -16 -52 76 18 9 11 
79 -35 77 65 -28 -101 25 128 
-45 -134 -101 130 -9 -124 -65 108 
-19 -72 77 23 9 20 77 -55 
80 90 -28 -124 24 145 -42 -141 
-102 123 -9 -106 -64 84 -22 -49 
77 6 10 27 74 -48 82 68 
-27 -92 23 109 -39 -109 -103 101 
-10 -98 -62 94 -25 -76 77 44 
11 -14 72 -9 85 39 -26 -78 
22 113 -36 -129 -105 133 -11 -134 
-60 127 -29 -101 77 56 12 -11 
69 -25 87 62 -26 -102 21 133 
-33 -140 -106 131 -12 -119 -59 105 
-32 -76 77 35 13 0 67 -24 
90 46 -25 -73 19 97 -30 -105 
-107 103 -14 -103 -57 105 -35 -95 
77 69 14 -39 64 16 92 11 
-24 -51 18 92 -26 -118 -108 129 
-15 -136 -55 140 -38 -124 77 87 
16 -43 61 5 94 31 -22 -74 
17 114 -23 -133 -108 132 -16 -127 
-53 119 -41 -99 76 63 17 -26 
59 0 96 22 -21 -50 15 80 
-20 -96 -109 99 -18 -103 -51 111 
-44 -109 75 90 18 -63 56 41 
98 -16 -20 -21 14 66 -17 -100 
-110 118 -19 -133 -49 145 -46 -141 
75 113 20 -73 54 36 100 0 
-18 -43 12 89 -14 -118 -110 126 
-21 -127 -47 127 -49 -116 74 87 
22 -51 51 24 101 -2 -17 -25 
10 58 -11 -81 -110 90 -23 -98 
-45 110 -52 -117 73 106 23 -84 
48 64 103 -43 -15 9 9 36 
-9 -76 -110 102 -25 -122 -43 142 
-54 -150 71 133 25 -100 46 65 
104 -32 -13 -10 7 59 -6 -97 
-110 114 -27 -122 -41 129 -56 -127 
70 107 27 -75 43 48 105 -27 
-11 0 5 33 -3 -62 -110 76 
-29 -87 -39 104 -59 -119 69 117 
29 -101 41 84 106 -68 -9 39 
3 4 -1 -48 -110 80 -31 -105 
-37 132 -61 -151 67 146 31 -121 
39 91 107 -62 -6 23 2 26 
1 -70 -109 96 -33 -110 -35 124 
-63 -131 65 120 32 -94 36 69 
108 -50 -4 27 0 6 3 -39 
-108 58 -35 -72 -33 92 -65 -114 
63 121 34 -112 34 100 109 -89 
-2 67 -1 -27 6 -18 -108 54 
-38 -84 -31 115 -66 -144 61 152 
36 -137 32 113 109 -88 0 55 
-3 -7 8 -40 -107 73 -40 -93 
-29 112 -68 -128 59 127 38 -108 
29 86 110 -70 2 51 -5 -20 
10 -13 -106 37 -43 -54 -27 76 
